20, 0, 0, 0, 0, 1, 0, 0, 0, 
40, 0, 0, 0, 0, 1, 0, 0, 0, 
60, 0, 0, 0, 0, 1, 0, 0, 0, 
80, 0, 0, 0, 0, 1, 0, 0, 0, 
100, 0, 0, 0, 0, 1, 0, 0, 0, 
120, 0, 0, 0, 0, 1, 0, 0, 0, 
140, 0, 0, 0, 0, 1, 0, 0, 0, 
160, 0, 0, 0, 0, 1, 0, 0, 0, 
180, 0, 0, 0, 0, 1, 0, 0, 0, 
200, 0, 0, 0, 0, 1, 0, 0, 0, 
220, 0, 0, 0, 0, 1, 0, 0, 0, 
240, 0, 0, 0, 0, 1, 0, 0, 0, 
260, 0, 0, 0, 0, 1, 0, 0, 0, 
280, 0, 0, 0, 0, 1, 0, 0, 0, 
300, 0, 0, 0, 0, 1, 0, 0, 0, 
320, 0, 0, 0, 0, 1, 0, 0, 0, 
340, 0, 0, 0, 0, 1, 0, 0, 0, 
360, 0, 0, 0, 0, 1, 0, 0, 0, 
380, 0, 0, 0, 0, 1, 0, 0, 0, 
400, 0, 0, 0, 0, 1, 0, 0, 0, 
420, 0, 0, 0, 0, 1, 0, 0, 0, 
440, 0, 0, 0, 0, 1, 0, 0, 0, 
460, 0, 0, 0, 0, 1, 0, 0, 0, 
480, 0, 0, 0, 0, 1, 0, 0, 0, 
500, 0, 0, 0, 0, 1, 0, 0, 0, 
520, 0, 0, 0, 0, 1, 0, 0, 0, 
540, 0, 0, 0, 0, 1, 0, 0, 0, 
560, 0, 0, 0, 0, 1, 0, 0, 0, 
580, 0, 0, 0, 0, 1, 0, 0, 0, 
600, 0, 0, 0, 0, 1, 0, 0, 0, 
620, 0, 0, 0, 0, 1, 0, 0, 0, 
640, 0, 0, 0, 0, 1, 0, 0, 0, 
660, 0, 0, 0, 0, 1, 0, 0, 0, 
680, 0, 0, 0, 0, 1, 0, 0, 0, 
700, 0, 0, 0, 0, 1, 0, 0, 0, 
720, 0, 0, 0, 0, 1, 0, 0, 0, 
740, 0, 0, 0, 0, 1, 0, 0, 0, 
760, 0, 0, 0, 0, 1, 0, 0, 0, 
780, 0, 0, 0, 0, 1, 0, 0, 0, 
800, 0, 0, 0, 0, 1, 0, 0, 0, 
820, 0, 0, 0, 0, 1, 0, 0, 0, 
840, 0, 0, 0, 0, 1, 0, 0, 0, 
860, 0, 0, 0, 0, 1, 0, 0, 0, 
880, 0, 0, 0, 0, 1, 0, 0, 0, 
900, 0, 0, 0, 0, 1, 0, 0, 0, 
920, 0, 0, 0, 0, 1, 0, 0, 0, 
940, 0, 0, 0, 0, 1, 0, 0, 0, 
960, 0, 0, 0, 0, 1, 0, 0, 0, 
980, 0, 0, 0, 0, 1, 0, 0, 0, 
1000, 0, 0, 0, 0, 0.5, 0.5, 0, 0, 
1020, 0, 0, 0, 0, 0.5, 0.5, 0, 0, 
1040, 0, 0, 0, 0, 0.5, 0.5, 0, 0, 
1060, 0, 0, 0, 0, 0.5, 0.5, 0, 0, 
1080, 0, 0, 0, 0, 0.5, 0.5, 0, 0, 
1100, 0, 0, 0, 0, 0.5, 0.5, 0, 0, 
1120, 0, 0, 0, 0, 0.666667, 0.333333, 0, 0, 
1140, 0, 0, 0, 0.333333, 0.333333, 0.333333, 0, 0, 
1160, 0, 0, 0, 0.333333, 0.333333, 0.333333, 0, 0, 
1180, 0, 0, 0, 0.333333, 0.333333, 0.333333, 0, 0, 
1200, 0, 0, 0, 0.333333, 0.333333, 0.333333, 0, 0, 
1220, 0, 0, 0, 0.333333, 0.333333, 0.333333, 0, 0, 
1240, 0, 0, 0, 0.333333, 0.333333, 0.333333, 0, 0, 
1260, 0, 0, 0, 0.333333, 0.333333, 0.333333, 0, 0, 
1280, 0, 0, 0, 0.333333, 0.333333, 0.333333, 0, 0, 
1300, 0, 0, 0, 0.333333, 0.333333, 0.333333, 0, 0, 
1320, 0, 0, 0, 0.333333, 0.333333, 0.333333, 0, 0, 
1340, 0, 0, 0, 0.333333, 0.333333, 0.333333, 0, 0, 
1360, 0, 0, 0, 0.333333, 0.333333, 0.333333, 0, 0, 
1380, 0, 0, 0, 0.333333, 0.333333, 0.333333, 0, 0, 
1400, 0, 0, 0, 0.333333, 0.333333, 0.333333, 0, 0, 
1420, 0, 0, 0, 0.333333, 0.333333, 0.333333, 0, 0, 
1440, 0, 0, 0, 0.333333, 0.333333, 0.333333, 0, 0, 
1460, 0, 0, 0, 0.333333, 0.333333, 0.333333, 0, 0, 
1480, 0, 0, 0, 0.333333, 0.333333, 0.333333, 0, 0, 
1500, 0, 0, 0, 0.333333, 0.333333, 0.333333, 0, 0, 
1520, 0, 0, 0, 0.333333, 0.333333, 0.333333, 0, 0, 
1540, 0, 0, 0, 0.333333, 0.333333, 0.333333, 0, 0, 
1560, 0, 0, 0, 0.333333, 0.333333, 0.333333, 0, 0, 
1580, 0, 0, 0, 0.333333, 0.333333, 0.333333, 0, 0, 
1600, 0, 0, 0, 0.333333, 0.333333, 0.333333, 0, 0, 
1620, 0, 0, 0, 0.333333, 0.333333, 0.333333, 0, 0, 
1640, 0, 0, 0, 0.333333, 0.333333, 0.333333, 0, 0, 
1660, 0, 0, 0, 0.333333, 0.333333, 0.333333, 0, 0, 
1680, 0, 0, 0, 0.25, 0.5, 0.25, 0, 0, 
1700, 0, 0, 0, 0.25, 0.5, 0.25, 0, 0, 
1720, 0, 0, 0, 0.25, 0.5, 0.25, 0, 0, 
1740, 0, 0, 0, 0.25, 0.5, 0.25, 0, 0, 
1760, 0, 0, 0, 0.25, 0.5, 0.25, 0, 0, 
1780, 0, 0, 0, 0.25, 0.5, 0.25, 0, 0, 
1800, 0, 0, 0, 0.25, 0.5, 0.25, 0, 0, 
1820, 0, 0, 0, 0.25, 0.5, 0.25, 0, 0, 
1840, 0, 0, 0, 0.25, 0.5, 0.25, 0, 0, 
1860, 0, 0, 0, 0.25, 0.5, 0.25, 0, 0, 
1880, 0, 0, 0, 0.25, 0.5, 0.25, 0, 0, 
1900, 0, 0, 0, 0.25, 0.5, 0.25, 0, 0, 
1920, 0, 0, 0, 0.25, 0.5, 0.25, 0, 0, 
1940, 0, 0, 0, 0.25, 0.5, 0.25, 0, 0, 
1960, 0, 0, 0, 0.2, 0.4, 0.4, 0, 0, 
1980, 0, 0, 0, 0.2, 0.4, 0.2, 0.2, 0, 
2000, 0, 0, 0, 0.2, 0.4, 0.2, 0.2, 0, 
2020, 0, 0, 0, 0.2, 0.4, 0.2, 0.2, 0, 
2040, 0, 0, 0, 0.2, 0.4, 0.2, 0.2, 0, 
2060, 0, 0, 0, 0.2, 0.4, 0.2, 0.2, 0, 
2080, 0, 0, 0, 0.2, 0.4, 0.2, 0.2, 0, 
2100, 0, 0, 0, 0.285714, 0.285714, 0.285714, 0.142857, 0, 
2120, 0, 0, 0.142857, 0.142857, 0.285714, 0.285714, 0.142857, 0, 
2140, 0, 0, 0.142857, 0.142857, 0.285714, 0.285714, 0.142857, 0, 
2160, 0, 0, 0.142857, 0.142857, 0.285714, 0.285714, 0.142857, 0, 
2180, 0, 0, 0.142857, 0.142857, 0.285714, 0.285714, 0.142857, 0, 
2200, 0, 0, 0.142857, 0.142857, 0.285714, 0.285714, 0.142857, 0, 
2220, 0, 0, 0.142857, 0.142857, 0.285714, 0.285714, 0.142857, 0, 
2240, 0, 0, 0.125, 0.25, 0.25, 0.25, 0.125, 0, 
2260, 0, 0, 0.125, 0.25, 0.25, 0.25, 0.125, 0, 
2280, 0, 0, 0.125, 0.25, 0.25, 0.25, 0.125, 0, 
2300, 0, 0, 0.125, 0.25, 0.25, 0.25, 0.125, 0, 
2320, 0, 0, 0.125, 0.25, 0.25, 0.25, 0.125, 0, 
2340, 0, 0, 0.125, 0.25, 0.25, 0.25, 0.125, 0, 
2360, 0, 0, 0.125, 0.25, 0.25, 0.25, 0.125, 0, 
2380, 0, 0, 0.111111, 0.222222, 0.222222, 0.333333, 0.111111, 0, 
2400, 0, 0, 0.111111, 0.222222, 0.222222, 0.222222, 0.222222, 0, 
2420, 0, 0, 0.111111, 0.222222, 0.222222, 0.222222, 0.111111, 0.111111, 
2440, 0, 0, 0.111111, 0.222222, 0.222222, 0.222222, 0.111111, 0.111111, 
2460, 0, 0, 0.111111, 0.222222, 0.222222, 0.222222, 0.111111, 0.111111, 
2480, 0, 0, 0.111111, 0.222222, 0.222222, 0.222222, 0.111111, 0.111111, 
2500, 0, 0, 0.111111, 0.222222, 0.222222, 0.222222, 0.111111, 0.111111, 
2520, 0, 0, 0.1, 0.3, 0.2, 0.2, 0.1, 0.1, 
2540, 0, 0, 0.2, 0.2, 0.2, 0.2, 0.1, 0.1, 
2560, 0, 0.1, 0.1, 0.2, 0.2, 0.2, 0.1, 0.1, 
2580, 0, 0.1, 0.1, 0.2, 0.2, 0.2, 0.1, 0.1, 
2600, 0, 0.0909091, 0.0909091, 0.181818, 0.272727, 0.181818, 0.0909091, 0.0909091, 
2620, 0, 0.0909091, 0.0909091, 0.181818, 0.272727, 0.181818, 0.0909091, 0.0909091, 
2640, 0, 0.0909091, 0.0909091, 0.181818, 0.272727, 0.181818, 0.0909091, 0.0909091, 
2660, 0, 0.0909091, 0.0909091, 0.181818, 0.272727, 0.181818, 0.0909091, 0.0909091, 
2680, 0, 0.0909091, 0.0909091, 0.181818, 0.272727, 0.181818, 0.0909091, 0.0909091, 
2700, 0, 0.0909091, 0.0909091, 0.181818, 0.272727, 0.181818, 0.0909091, 0.0909091, 
2720, 0, 0.0909091, 0.0909091, 0.181818, 0.272727, 0.181818, 0.0909091, 0.0909091, 
2740, 0, 0.0909091, 0.0909091, 0.181818, 0.272727, 0.181818, 0.0909091, 0.0909091, 
2760, 0, 0.0909091, 0.0909091, 0.181818, 0.272727, 0.181818, 0.0909091, 0.0909091, 
2780, 0, 0.0909091, 0.0909091, 0.181818, 0.272727, 0.181818, 0.0909091, 0.0909091, 
2800, 0, 0.0909091, 0.0909091, 0.181818, 0.272727, 0.181818, 0.0909091, 0.0909091, 
2820, 0, 0.0909091, 0.0909091, 0.181818, 0.272727, 0.181818, 0.0909091, 0.0909091, 
2840, 0, 0.0909091, 0.0909091, 0.181818, 0.272727, 0.181818, 0.0909091, 0.0909091, 
2860, 0, 0.0909091, 0.0909091, 0.181818, 0.272727, 0.181818, 0.0909091, 0.0909091, 
2880, 0, 0.0909091, 0.0909091, 0.181818, 0.272727, 0.181818, 0.0909091, 0.0909091, 
2900, 0, 0.0909091, 0.0909091, 0.181818, 0.272727, 0.181818, 0.0909091, 0.0909091, 
2920, 0, 0.0833333, 0.0833333, 0.166667, 0.25, 0.166667, 0.166667, 0.0833333, 
2940, 0, 0.0833333, 0.0833333, 0.166667, 0.25, 0.166667, 0.166667, 0.0833333, 
2960, 0, 0.0833333, 0.0833333, 0.166667, 0.25, 0.166667, 0.166667, 0.0833333, 
2980, 0, 0.0833333, 0.0833333, 0.166667, 0.25, 0.166667, 0.166667, 0.0833333, 
3000, 0, 0.0769231, 0.0769231, 0.153846, 0.230769, 0.153846, 0.230769, 0.0769231, 
3020, 0, 0.0769231, 0.0769231, 0.153846, 0.230769, 0.153846, 0.153846, 0.153846, 
3040, 0, 0.0769231, 0.0769231, 0.153846, 0.230769, 0.153846, 0.153846, 0.153846, 
3060, 0, 0.0714286, 0.142857, 0.142857, 0.214286, 0.142857, 0.142857, 0.142857, 
3080, 0, 0.0714286, 0.142857, 0.142857, 0.214286, 0.142857, 0.142857, 0.142857, 
3100, 0, 0.0714286, 0.142857, 0.142857, 0.214286, 0.142857, 0.142857, 0.142857, 
3120, 0, 0.0714286, 0.142857, 0.142857, 0.214286, 0.142857, 0.142857, 0.142857, 
3140, 0, 0.0666667, 0.2, 0.133333, 0.2, 0.133333, 0.133333, 0.133333, 
3160, 0, 0.133333, 0.133333, 0.133333, 0.2, 0.133333, 0.133333, 0.133333, 
3180, 0.0666667, 0.0666667, 0.133333, 0.133333, 0.2, 0.133333, 0.133333, 0.133333, 
3200, 0.0625, 0.0625, 0.125, 0.125, 0.1875, 0.125, 0.125, 0.1875, 
3220, 0.0625, 0.0625, 0.125, 0.125, 0.1875, 0.125, 0.125, 0.1875, 
3240, 0.0588235, 0.0588235, 0.117647, 0.117647, 0.176471, 0.117647, 0.117647, 0.235294, 
3260, 0.0555556, 0.0555556, 0.111111, 0.111111, 0.166667, 0.111111, 0.222222, 0.166667, 
3280, 0.0555556, 0.0555556, 0.111111, 0.111111, 0.166667, 0.166667, 0.166667, 0.166667, 
3300, 0.0526316, 0.0526316, 0.105263, 0.105263, 0.157895, 0.210526, 0.157895, 0.157895, 
3320, 0.0526316, 0.0526316, 0.105263, 0.105263, 0.157895, 0.210526, 0.157895, 0.157895, 
3340, 0.0526316, 0.0526316, 0.105263, 0.105263, 0.157895, 0.210526, 0.157895, 0.157895, 
3360, 0.0526316, 0.0526316, 0.105263, 0.105263, 0.157895, 0.210526, 0.157895, 0.157895, 
3380, 0.0526316, 0.0526316, 0.105263, 0.105263, 0.157895, 0.210526, 0.157895, 0.157895, 
3400, 0.0526316, 0.0526316, 0.105263, 0.105263, 0.157895, 0.210526, 0.157895, 0.157895, 
3420, 0.05, 0.05, 0.15, 0.1, 0.15, 0.2, 0.15, 0.15, 
3440, 0.0454545, 0.0909091, 0.0909091, 0.136364, 0.136364, 0.181818, 0.136364, 0.181818, 
3460, 0.0434783, 0.130435, 0.0869565, 0.130435, 0.130435, 0.173913, 0.130435, 0.173913, 
3480, 0.0869565, 0.0869565, 0.0869565, 0.130435, 0.130435, 0.173913, 0.130435, 0.173913, 
3500, 0.0869565, 0.0869565, 0.0869565, 0.130435, 0.130435, 0.173913, 0.130435, 0.173913, 
3520, 0.0869565, 0.0869565, 0.0869565, 0.130435, 0.130435, 0.173913, 0.130435, 0.173913, 
3540, 0.0833333, 0.125, 0.0833333, 0.125, 0.125, 0.166667, 0.125, 0.166667, 
3560, 0.0833333, 0.125, 0.0833333, 0.125, 0.125, 0.166667, 0.125, 0.166667, 
3580, 0.0833333, 0.125, 0.0833333, 0.125, 0.125, 0.166667, 0.125, 0.166667, 
3600, 0.0833333, 0.125, 0.0833333, 0.125, 0.125, 0.166667, 0.125, 0.166667, 
3620, 0.0833333, 0.125, 0.0833333, 0.125, 0.125, 0.166667, 0.125, 0.166667, 
3640, 0.0833333, 0.125, 0.0833333, 0.125, 0.125, 0.166667, 0.125, 0.166667, 
3660, 0.0833333, 0.125, 0.0833333, 0.125, 0.125, 0.166667, 0.125, 0.166667, 
3680, 0.0833333, 0.125, 0.0833333, 0.125, 0.125, 0.166667, 0.125, 0.166667, 
3700, 0.08, 0.12, 0.08, 0.12, 0.16, 0.16, 0.12, 0.16, 
3720, 0.0769231, 0.153846, 0.0769231, 0.115385, 0.153846, 0.153846, 0.115385, 0.153846, 
3740, 0.0769231, 0.115385, 0.115385, 0.115385, 0.153846, 0.153846, 0.115385, 0.153846, 
3760, 0.0769231, 0.115385, 0.115385, 0.115385, 0.153846, 0.153846, 0.115385, 0.153846, 
3780, 0.0769231, 0.115385, 0.115385, 0.115385, 0.153846, 0.153846, 0.115385, 0.153846, 
3800, 0.111111, 0.111111, 0.111111, 0.111111, 0.148148, 0.148148, 0.111111, 0.148148, 
3820, 0.111111, 0.111111, 0.111111, 0.111111, 0.148148, 0.148148, 0.111111, 0.148148, 
3840, 0.111111, 0.111111, 0.111111, 0.111111, 0.148148, 0.148148, 0.111111, 0.148148, 
3860, 0.142857, 0.107143, 0.107143, 0.107143, 0.142857, 0.142857, 0.107143, 0.142857, 
3880, 0.137931, 0.103448, 0.103448, 0.103448, 0.137931, 0.137931, 0.137931, 0.137931, 
3900, 0.133333, 0.1, 0.1, 0.1, 0.133333, 0.133333, 0.133333, 0.166667, 
3920, 0.133333, 0.1, 0.1, 0.1, 0.133333, 0.133333, 0.133333, 0.166667, 
3940, 0.133333, 0.1, 0.1, 0.1, 0.133333, 0.133333, 0.133333, 0.166667, 
3960, 0.133333, 0.1, 0.1, 0.1, 0.133333, 0.133333, 0.133333, 0.166667, 
3980, 0.133333, 0.1, 0.1, 0.1, 0.133333, 0.133333, 0.133333, 0.166667, 
4000, 0.16129, 0.0967742, 0.0967742, 0.0967742, 0.129032, 0.129032, 0.129032, 0.16129, 
4020, 0.129032, 0.129032, 0.0967742, 0.0967742, 0.129032, 0.129032, 0.129032, 0.16129, 
4040, 0.129032, 0.129032, 0.0967742, 0.0967742, 0.129032, 0.129032, 0.129032, 0.16129, 
4060, 0.129032, 0.129032, 0.0967742, 0.0967742, 0.129032, 0.129032, 0.129032, 0.16129, 
4080, 0.129032, 0.129032, 0.0967742, 0.0967742, 0.129032, 0.129032, 0.129032, 0.16129, 
4100, 0.129032, 0.129032, 0.0967742, 0.0967742, 0.129032, 0.129032, 0.129032, 0.16129, 
4120, 0.121212, 0.121212, 0.121212, 0.0909091, 0.121212, 0.151515, 0.121212, 0.151515, 
4140, 0.121212, 0.121212, 0.121212, 0.0909091, 0.121212, 0.151515, 0.121212, 0.151515, 
4160, 0.121212, 0.121212, 0.121212, 0.0909091, 0.121212, 0.151515, 0.121212, 0.151515, 
4180, 0.121212, 0.121212, 0.121212, 0.0909091, 0.121212, 0.151515, 0.121212, 0.151515, 
4200, 0.121212, 0.121212, 0.121212, 0.0909091, 0.121212, 0.151515, 0.121212, 0.151515, 
4220, 0.121212, 0.121212, 0.121212, 0.0909091, 0.121212, 0.151515, 0.121212, 0.151515, 
4240, 0.121212, 0.121212, 0.121212, 0.0909091, 0.121212, 0.151515, 0.121212, 0.151515, 
4260, 0.117647, 0.147059, 0.117647, 0.0882353, 0.117647, 0.147059, 0.117647, 0.147059, 
4280, 0.117647, 0.147059, 0.117647, 0.0882353, 0.117647, 0.147059, 0.117647, 0.147059, 
4300, 0.117647, 0.147059, 0.117647, 0.0882353, 0.117647, 0.147059, 0.117647, 0.147059, 
4320, 0.117647, 0.147059, 0.117647, 0.0882353, 0.117647, 0.147059, 0.117647, 0.147059, 
4340, 0.117647, 0.147059, 0.117647, 0.0882353, 0.117647, 0.147059, 0.117647, 0.147059, 
4360, 0.117647, 0.147059, 0.117647, 0.0882353, 0.117647, 0.147059, 0.117647, 0.147059, 
4380, 0.117647, 0.147059, 0.117647, 0.0882353, 0.117647, 0.147059, 0.117647, 0.147059, 
4400, 0.117647, 0.147059, 0.117647, 0.0882353, 0.117647, 0.147059, 0.117647, 0.147059, 
4420, 0.117647, 0.147059, 0.117647, 0.0882353, 0.117647, 0.147059, 0.117647, 0.147059, 
4440, 0.117647, 0.147059, 0.117647, 0.0882353, 0.117647, 0.147059, 0.117647, 0.147059, 
4460, 0.142857, 0.142857, 0.114286, 0.0857143, 0.114286, 0.142857, 0.114286, 0.142857, 
4480, 0.142857, 0.142857, 0.114286, 0.0857143, 0.114286, 0.142857, 0.114286, 0.142857, 
4500, 0.142857, 0.142857, 0.114286, 0.0857143, 0.114286, 0.142857, 0.114286, 0.142857, 
4520, 0.142857, 0.142857, 0.114286, 0.0857143, 0.114286, 0.142857, 0.114286, 0.142857, 
4540, 0.135135, 0.135135, 0.108108, 0.108108, 0.135135, 0.135135, 0.108108, 0.135135, 
4560, 0.131579, 0.131579, 0.105263, 0.105263, 0.131579, 0.131579, 0.105263, 0.157895, 
4580, 0.131579, 0.131579, 0.105263, 0.105263, 0.131579, 0.131579, 0.131579, 0.131579, 
4600, 0.131579, 0.131579, 0.105263, 0.105263, 0.131579, 0.131579, 0.131579, 0.131579, 
4620, 0.131579, 0.131579, 0.105263, 0.105263, 0.131579, 0.131579, 0.131579, 0.131579, 
4640, 0.131579, 0.131579, 0.105263, 0.105263, 0.131579, 0.131579, 0.131579, 0.131579, 
4660, 0.131579, 0.131579, 0.105263, 0.105263, 0.131579, 0.131579, 0.131579, 0.131579, 
4680, 0.128205, 0.128205, 0.102564, 0.102564, 0.128205, 0.128205, 0.153846, 0.128205, 
4700, 0.128205, 0.128205, 0.102564, 0.102564, 0.128205, 0.128205, 0.153846, 0.128205, 
4720, 0.128205, 0.128205, 0.102564, 0.102564, 0.128205, 0.128205, 0.153846, 0.128205, 
4740, 0.128205, 0.128205, 0.102564, 0.102564, 0.128205, 0.128205, 0.153846, 0.128205, 
4760, 0.128205, 0.128205, 0.102564, 0.102564, 0.128205, 0.128205, 0.153846, 0.128205, 
4780, 0.128205, 0.128205, 0.102564, 0.102564, 0.128205, 0.128205, 0.153846, 0.128205, 
4800, 0.125, 0.125, 0.1, 0.1, 0.125, 0.15, 0.15, 0.125, 
4820, 0.125, 0.125, 0.1, 0.1, 0.125, 0.15, 0.15, 0.125, 
4840, 0.125, 0.125, 0.1, 0.1, 0.125, 0.15, 0.15, 0.125, 
4860, 0.125, 0.125, 0.1, 0.1, 0.125, 0.15, 0.15, 0.125, 
4880, 0.125, 0.125, 0.1, 0.1, 0.125, 0.15, 0.15, 0.125, 
4900, 0.125, 0.125, 0.1, 0.1, 0.125, 0.15, 0.15, 0.125, 
4920, 0.121951, 0.146341, 0.097561, 0.097561, 0.121951, 0.146341, 0.146341, 0.121951, 
4940, 0.119048, 0.119048, 0.142857, 0.0952381, 0.119048, 0.142857, 0.142857, 0.119048, 
4960, 0.119048, 0.119048, 0.119048, 0.119048, 0.119048, 0.142857, 0.142857, 0.119048, 
4980, 0.119048, 0.119048, 0.119048, 0.119048, 0.119048, 0.142857, 0.142857, 0.119048, 
5000, 0.119048, 0.119048, 0.119048, 0.119048, 0.119048, 0.142857, 0.142857, 0.119048, 
5020, 0.119048, 0.119048, 0.119048, 0.119048, 0.119048, 0.142857, 0.142857, 0.119048, 
5040, 0.119048, 0.119048, 0.119048, 0.119048, 0.119048, 0.142857, 0.142857, 0.119048, 
5060, 0.119048, 0.119048, 0.119048, 0.119048, 0.119048, 0.142857, 0.142857, 0.119048, 
5080, 0.119048, 0.119048, 0.119048, 0.119048, 0.119048, 0.142857, 0.142857, 0.119048, 
5100, 0.119048, 0.119048, 0.119048, 0.119048, 0.119048, 0.142857, 0.142857, 0.119048, 
5120, 0.139535, 0.116279, 0.116279, 0.116279, 0.116279, 0.139535, 0.139535, 0.116279, 
5140, 0.139535, 0.116279, 0.116279, 0.116279, 0.116279, 0.139535, 0.139535, 0.116279, 
5160, 0.139535, 0.116279, 0.116279, 0.116279, 0.116279, 0.139535, 0.139535, 0.116279, 
5180, 0.139535, 0.116279, 0.116279, 0.116279, 0.116279, 0.139535, 0.139535, 0.116279, 
5200, 0.139535, 0.116279, 0.116279, 0.116279, 0.116279, 0.139535, 0.139535, 0.116279, 
5220, 0.136364, 0.113636, 0.113636, 0.113636, 0.113636, 0.136364, 0.136364, 0.136364, 
5240, 0.133333, 0.111111, 0.111111, 0.111111, 0.111111, 0.133333, 0.155556, 0.133333, 
5260, 0.133333, 0.111111, 0.111111, 0.111111, 0.111111, 0.133333, 0.155556, 0.133333, 
5280, 0.133333, 0.111111, 0.111111, 0.111111, 0.111111, 0.133333, 0.155556, 0.133333, 
5300, 0.130435, 0.108696, 0.108696, 0.130435, 0.108696, 0.130435, 0.152174, 0.130435, 
5320, 0.130435, 0.108696, 0.108696, 0.130435, 0.108696, 0.130435, 0.152174, 0.130435, 
5340, 0.130435, 0.108696, 0.108696, 0.130435, 0.108696, 0.130435, 0.152174, 0.130435, 
5360, 0.130435, 0.108696, 0.108696, 0.130435, 0.108696, 0.130435, 0.152174, 0.130435, 
5380, 0.130435, 0.108696, 0.108696, 0.130435, 0.108696, 0.130435, 0.152174, 0.130435, 
5400, 0.130435, 0.108696, 0.108696, 0.130435, 0.108696, 0.130435, 0.152174, 0.130435, 
5420, 0.125, 0.104167, 0.104167, 0.125, 0.145833, 0.125, 0.145833, 0.125, 
5440, 0.125, 0.104167, 0.104167, 0.125, 0.145833, 0.125, 0.145833, 0.125, 
5460, 0.125, 0.104167, 0.104167, 0.125, 0.145833, 0.125, 0.145833, 0.125, 
5480, 0.122449, 0.102041, 0.102041, 0.122449, 0.163265, 0.122449, 0.142857, 0.122449, 
5500, 0.122449, 0.102041, 0.102041, 0.122449, 0.142857, 0.142857, 0.142857, 0.122449, 
5520, 0.117647, 0.0980392, 0.0980392, 0.117647, 0.137255, 0.176471, 0.137255, 0.117647, 
5540, 0.117647, 0.0980392, 0.0980392, 0.117647, 0.137255, 0.156863, 0.156863, 0.117647, 
5560, 0.115385, 0.0961538, 0.0961538, 0.115385, 0.134615, 0.173077, 0.134615, 0.134615, 
5580, 0.115385, 0.0961538, 0.0961538, 0.115385, 0.134615, 0.153846, 0.153846, 0.134615, 
5600, 0.113208, 0.113208, 0.0943396, 0.113208, 0.132075, 0.150943, 0.150943, 0.132075, 
5620, 0.111111, 0.111111, 0.111111, 0.111111, 0.12963, 0.148148, 0.148148, 0.12963, 
5640, 0.111111, 0.111111, 0.111111, 0.111111, 0.12963, 0.148148, 0.148148, 0.12963, 
5660, 0.111111, 0.111111, 0.111111, 0.111111, 0.12963, 0.148148, 0.148148, 0.12963, 
5680, 0.127273, 0.109091, 0.109091, 0.109091, 0.127273, 0.145455, 0.145455, 0.127273, 
5700, 0.127273, 0.109091, 0.109091, 0.109091, 0.127273, 0.145455, 0.145455, 0.127273, 
5720, 0.127273, 0.109091, 0.109091, 0.109091, 0.127273, 0.145455, 0.145455, 0.127273, 
5740, 0.127273, 0.109091, 0.109091, 0.109091, 0.127273, 0.145455, 0.145455, 0.127273, 
5760, 0.127273, 0.109091, 0.109091, 0.109091, 0.127273, 0.145455, 0.145455, 0.127273, 
5780, 0.127273, 0.109091, 0.109091, 0.109091, 0.127273, 0.145455, 0.145455, 0.127273, 
5800, 0.127273, 0.109091, 0.109091, 0.109091, 0.127273, 0.145455, 0.145455, 0.127273, 
5820, 0.122807, 0.105263, 0.105263, 0.105263, 0.122807, 0.140351, 0.175439, 0.122807, 
5840, 0.122807, 0.105263, 0.105263, 0.105263, 0.122807, 0.140351, 0.157895, 0.140351, 
5860, 0.118644, 0.101695, 0.101695, 0.101695, 0.135593, 0.135593, 0.169492, 0.135593, 
5880, 0.116667, 0.1, 0.1, 0.116667, 0.116667, 0.133333, 0.15, 0.166667, 
5900, 0.112903, 0.0967742, 0.0967742, 0.112903, 0.112903, 0.145161, 0.145161, 0.177419, 
5920, 0.111111, 0.0952381, 0.0952381, 0.111111, 0.126984, 0.126984, 0.15873, 0.174603, 
5940, 0.111111, 0.0952381, 0.0952381, 0.111111, 0.126984, 0.142857, 0.142857, 0.174603, 
5960, 0.111111, 0.0952381, 0.0952381, 0.111111, 0.126984, 0.142857, 0.15873, 0.15873, 
5980, 0.111111, 0.0952381, 0.0952381, 0.111111, 0.126984, 0.142857, 0.15873, 0.15873, 
6000, 0.107692, 0.0923077, 0.0923077, 0.138462, 0.123077, 0.138462, 0.153846, 0.153846, 
6020, 0.107692, 0.0923077, 0.107692, 0.123077, 0.123077, 0.138462, 0.153846, 0.153846, 
6040, 0.107692, 0.0923077, 0.107692, 0.123077, 0.123077, 0.138462, 0.153846, 0.153846, 
6060, 0.106061, 0.0909091, 0.106061, 0.136364, 0.121212, 0.136364, 0.151515, 0.151515, 
6080, 0.106061, 0.0909091, 0.121212, 0.121212, 0.121212, 0.136364, 0.151515, 0.151515, 
6100, 0.106061, 0.106061, 0.106061, 0.121212, 0.121212, 0.136364, 0.151515, 0.151515, 
6120, 0.106061, 0.106061, 0.106061, 0.121212, 0.121212, 0.136364, 0.151515, 0.151515, 
6140, 0.104478, 0.104478, 0.104478, 0.119403, 0.119403, 0.134328, 0.164179, 0.149254, 
6160, 0.102941, 0.102941, 0.102941, 0.117647, 0.132353, 0.147059, 0.147059, 0.147059, 
6180, 0.101449, 0.101449, 0.101449, 0.115942, 0.130435, 0.15942, 0.144928, 0.144928, 
6200, 0.1, 0.1, 0.1, 0.114286, 0.142857, 0.142857, 0.142857, 0.157143, 
6220, 0.1, 0.1, 0.1, 0.128571, 0.128571, 0.142857, 0.142857, 0.157143, 
6240, 0.1, 0.1, 0.114286, 0.114286, 0.128571, 0.142857, 0.142857, 0.157143, 
6260, 0.1, 0.1, 0.114286, 0.114286, 0.128571, 0.142857, 0.142857, 0.157143, 
6280, 0.0985916, 0.112676, 0.112676, 0.112676, 0.126761, 0.140845, 0.140845, 0.15493, 
6300, 0.118421, 0.118421, 0.131579, 0.105263, 0.118421, 0.131579, 0.131579, 0.144737, 
6320, 0.118421, 0.118421, 0.118421, 0.118421, 0.118421, 0.131579, 0.131579, 0.144737, 
6340, 0.123457, 0.123457, 0.123457, 0.111111, 0.123457, 0.135802, 0.123457, 0.135802, 
6360, 0.123457, 0.123457, 0.123457, 0.111111, 0.123457, 0.135802, 0.123457, 0.135802, 
6380, 0.119048, 0.119048, 0.119048, 0.119048, 0.119048, 0.142857, 0.130952, 0.130952, 
6400, 0.117647, 0.117647, 0.117647, 0.117647, 0.141176, 0.129412, 0.129412, 0.129412, 
6420, 0.114943, 0.114943, 0.114943, 0.126437, 0.126437, 0.137931, 0.126437, 0.137931, 
6440, 0.113636, 0.113636, 0.113636, 0.125, 0.136364, 0.136364, 0.125, 0.136364, 
6460, 0.11236, 0.11236, 0.11236, 0.123596, 0.134831, 0.146067, 0.123596, 0.134831, 
6480, 0.10989, 0.10989, 0.10989, 0.120879, 0.142857, 0.142857, 0.131868, 0.131868, 
6500, 0.108696, 0.108696, 0.108696, 0.130435, 0.141304, 0.141304, 0.130435, 0.130435, 
6520, 0.108696, 0.108696, 0.119565, 0.119565, 0.141304, 0.141304, 0.130435, 0.130435, 
6540, 0.107527, 0.107527, 0.11828, 0.129032, 0.129032, 0.139785, 0.139785, 0.129032, 
6560, 0.106383, 0.106383, 0.117021, 0.12766, 0.12766, 0.138298, 0.138298, 0.138298, 
6580, 0.104167, 0.104167, 0.114583, 0.125, 0.125, 0.145833, 0.145833, 0.135417, 
6600, 0.0980392, 0.107843, 0.117647, 0.127451, 0.137255, 0.127451, 0.147059, 0.137255, 
6620, 0.104762, 0.104762, 0.114286, 0.12381, 0.133333, 0.142857, 0.133333, 0.142857, 
6640, 0.102804, 0.102804, 0.11215, 0.121495, 0.140187, 0.140187, 0.140187, 0.140187, 
6660, 0.100917, 0.100917, 0.110092, 0.12844, 0.12844, 0.137615, 0.146789, 0.146789, 
6680, 0.1, 0.1, 0.118182, 0.118182, 0.127273, 0.136364, 0.145455, 0.154545, 
6700, 0.0990991, 0.108108, 0.108108, 0.117117, 0.126126, 0.144144, 0.144144, 0.153153, 
6720, 0.0982143, 0.107143, 0.107143, 0.125, 0.133929, 0.133929, 0.142857, 0.151786, 
6740, 0.0940171, 0.102564, 0.111111, 0.111111, 0.136752, 0.145299, 0.145299, 0.153846, 
6760, 0.0894309, 0.097561, 0.105691, 0.121951, 0.138211, 0.146341, 0.146341, 0.154472, 
6780, 0.0873016, 0.0952381, 0.119048, 0.126984, 0.134921, 0.142857, 0.142857, 0.150794, 
6800, 0.0859375, 0.101562, 0.109375, 0.125, 0.132812, 0.15625, 0.140625, 0.148438, 
6820, 0.0902256, 0.0977444, 0.112782, 0.120301, 0.150376, 0.142857, 0.142857, 0.142857, 
6840, 0.0942029, 0.101449, 0.101449, 0.137681, 0.137681, 0.137681, 0.144928, 0.144928, 
6860, 0.0921986, 0.0992908, 0.113475, 0.120567, 0.134752, 0.134752, 0.156028, 0.148936, 
6880, 0.0902778, 0.104167, 0.104167, 0.125, 0.125, 0.138889, 0.152778, 0.159722, 
6900, 0.0933333, 0.0933333, 0.113333, 0.12, 0.126667, 0.14, 0.153333, 0.16, 
6920, 0.0897436, 0.102564, 0.102564, 0.121795, 0.134615, 0.141026, 0.147436, 0.160256, 
6940, 0.0943396, 0.0943396, 0.113208, 0.119497, 0.132075, 0.138365, 0.150943, 0.157233, 
6960, 0.0987654, 0.104938, 0.111111, 0.123457, 0.123457, 0.141975, 0.141975, 0.154321, 
6980, 0.097561, 0.109756, 0.121951, 0.115854, 0.128049, 0.134146, 0.146341, 0.146341, 
7000, 0.109827, 0.104046, 0.115607, 0.121387, 0.115607, 0.138728, 0.144509, 0.150289, 
7020, 0.106742, 0.117978, 0.106742, 0.129213, 0.123596, 0.129213, 0.140449, 0.146067, 
7040, 0.10989, 0.10989, 0.115385, 0.126374, 0.126374, 0.137363, 0.131868, 0.142857, 
7060, 0.111111, 0.10582, 0.121693, 0.126984, 0.137566, 0.132275, 0.132275, 0.132275, 
7080, 0.107692, 0.112821, 0.117949, 0.128205, 0.133333, 0.133333, 0.133333, 0.133333, 
7100, 0.105, 0.115, 0.12, 0.125, 0.13, 0.135, 0.135, 0.135, 
7120, 0.112745, 0.107843, 0.117647, 0.122549, 0.132353, 0.132353, 0.137255, 0.137255, 
7140, 0.113208, 0.108491, 0.113208, 0.127358, 0.127358, 0.136792, 0.136792, 0.136792, 
7160, 0.109589, 0.105023, 0.127854, 0.123288, 0.13242, 0.127854, 0.136986, 0.136986, 
7180, 0.111111, 0.12, 0.115556, 0.124444, 0.128889, 0.128889, 0.133333, 0.137778, 
7200, 0.11588, 0.120172, 0.124464, 0.11588, 0.124464, 0.124464, 0.133047, 0.141631, 
7220, 0.120833, 0.125, 0.120833, 0.116667, 0.120833, 0.129167, 0.133333, 0.133333, 
7240, 0.126016, 0.126016, 0.117886, 0.121951, 0.126016, 0.121951, 0.130081, 0.130081, 
7260, 0.128, 0.12, 0.124, 0.124, 0.124, 0.124, 0.124, 0.132, 
7280, 0.122047, 0.122047, 0.125984, 0.125984, 0.122047, 0.125984, 0.129921, 0.125984, 
7300, 0.123077, 0.126923, 0.123077, 0.126923, 0.123077, 0.126923, 0.126923, 0.123077, 
7320, 0.12406, 0.12406, 0.120301, 0.12782, 0.12406, 0.12782, 0.12782, 0.12406, 
7340, 0.121771, 0.121771, 0.129151, 0.129151, 0.121771, 0.125461, 0.125461, 0.125461, 
7360, 0.119134, 0.129964, 0.126354, 0.122744, 0.126354, 0.126354, 0.126354, 0.122744, 
7380, 0.127208, 0.127208, 0.127208, 0.120141, 0.123675, 0.123675, 0.127208, 0.123675, 
7400, 0.127586, 0.127586, 0.127586, 0.124138, 0.124138, 0.124138, 0.124138, 0.12069, 
7420, 0.128378, 0.131757, 0.128378, 0.121622, 0.121622, 0.121622, 0.125, 0.121622, 
7440, 0.132013, 0.132013, 0.125413, 0.122112, 0.122112, 0.125413, 0.122112, 0.118812, 
7460, 0.132686, 0.12945, 0.126214, 0.122977, 0.122977, 0.122977, 0.122977, 0.119741, 
7480, 0.133758, 0.127389, 0.127389, 0.124204, 0.124204, 0.121019, 0.124204, 0.117834, 
7500, 0.128125, 0.13125, 0.125, 0.125, 0.121875, 0.121875, 0.121875, 0.125, 
7520, 0.130841, 0.127726, 0.127726, 0.124611, 0.121495, 0.121495, 0.121495, 0.124611, 
7540, 0.129231, 0.126154, 0.129231, 0.126154, 0.123077, 0.123077, 0.12, 0.123077, 
7560, 0.129518, 0.129518, 0.129518, 0.123494, 0.123494, 0.120482, 0.120482, 0.123494, 
7580, 0.130178, 0.130178, 0.127219, 0.127219, 0.121302, 0.118343, 0.121302, 0.12426, 
7600, 0.131195, 0.12828, 0.12828, 0.12828, 0.122449, 0.119534, 0.119534, 0.122449, 
7620, 0.130435, 0.130435, 0.127536, 0.124638, 0.124638, 0.121739, 0.118841, 0.121739, 
7640, 0.131805, 0.12894, 0.12894, 0.123209, 0.12894, 0.120344, 0.117479, 0.120344, 
7660, 0.131285, 0.128492, 0.125698, 0.125698, 0.122905, 0.122905, 0.120112, 0.122905, 
7680, 0.129477, 0.132231, 0.126722, 0.126722, 0.123967, 0.121212, 0.118457, 0.121212, 
7700, 0.13388, 0.128415, 0.128415, 0.125683, 0.122951, 0.120219, 0.117486, 0.122951, 
7720, 0.130435, 0.130435, 0.130435, 0.125, 0.122283, 0.119565, 0.122283, 0.119565, 
7740, 0.13172, 0.13172, 0.129032, 0.129032, 0.120968, 0.11828, 0.120968, 0.11828, 
7760, 0.133333, 0.133333, 0.128, 0.128, 0.122667, 0.117333, 0.12, 0.117333, 
7780, 0.133333, 0.130667, 0.130667, 0.125333, 0.122667, 0.12, 0.12, 0.117333, 
7800, 0.131234, 0.128609, 0.128609, 0.128609, 0.12336, 0.125984, 0.11811, 0.115486, 
7820, 0.131443, 0.131443, 0.128866, 0.123711, 0.128866, 0.123711, 0.118557, 0.113402, 
7840, 0.130653, 0.128141, 0.123116, 0.123116, 0.128141, 0.123116, 0.123116, 0.120603, 
7860, 0.128713, 0.126238, 0.126238, 0.121287, 0.123762, 0.128713, 0.123762, 0.121287, 
7880, 0.129584, 0.124694, 0.122249, 0.122249, 0.127139, 0.124694, 0.127139, 0.122249, 
7900, 0.125604, 0.125604, 0.120773, 0.125604, 0.123188, 0.123188, 0.128019, 0.128019, 
7920, 0.124402, 0.12201, 0.12201, 0.129187, 0.124402, 0.126794, 0.124402, 0.126794, 
7940, 0.122931, 0.120567, 0.122931, 0.12766, 0.125296, 0.130024, 0.125296, 0.125296, 
7960, 0.121495, 0.119159, 0.128505, 0.123832, 0.128505, 0.126168, 0.126168, 0.126168, 
7980, 0.124434, 0.124434, 0.122172, 0.126697, 0.124434, 0.124434, 0.126697, 0.126697, 
8000, 0.12528, 0.12528, 0.127517, 0.123043, 0.12528, 0.123043, 0.12528, 0.12528, 
8020, 0.125551, 0.125551, 0.127753, 0.125551, 0.123348, 0.121145, 0.125551, 0.125551, 
8040, 0.128261, 0.128261, 0.126087, 0.126087, 0.121739, 0.123913, 0.121739, 0.123913, 
8060, 0.12743, 0.12743, 0.12743, 0.12527, 0.12527, 0.12311, 0.12095, 0.12311, 
8080, 0.128205, 0.128205, 0.126068, 0.126068, 0.123932, 0.121795, 0.121795, 0.123932, 
8100, 0.127119, 0.131356, 0.129237, 0.125, 0.122881, 0.120763, 0.120763, 0.122881, 
8120, 0.132075, 0.127883, 0.127883, 0.125786, 0.12369, 0.121593, 0.119497, 0.121593, 
8140, 0.130705, 0.130705, 0.126556, 0.126556, 0.122407, 0.120332, 0.120332, 0.122407, 
8160, 0.130705, 0.128631, 0.128631, 0.124481, 0.124481, 0.120332, 0.120332, 0.122407, 
8180, 0.130435, 0.128364, 0.128364, 0.126294, 0.122153, 0.122153, 0.120083, 0.122153, 
8200, 0.131687, 0.12963, 0.127572, 0.125514, 0.123457, 0.121399, 0.119342, 0.121399, 
8220, 0.131687, 0.12963, 0.127572, 0.125514, 0.123457, 0.121399, 0.119342, 0.121399, 
8240, 0.130081, 0.128049, 0.128049, 0.123984, 0.126016, 0.126016, 0.117886, 0.119919, 
8260, 0.130522, 0.128514, 0.124498, 0.124498, 0.126506, 0.12249, 0.12249, 0.120482, 
8280, 0.128458, 0.124506, 0.124506, 0.12253, 0.126482, 0.126482, 0.124506, 0.12253, 
8300, 0.124756, 0.124756, 0.122807, 0.122807, 0.126706, 0.128655, 0.124756, 0.124756, 
8320, 0.121673, 0.121673, 0.119772, 0.127376, 0.127376, 0.127376, 0.129278, 0.125475, 
8340, 0.119181, 0.119181, 0.121043, 0.122905, 0.128492, 0.128492, 0.130354, 0.130354, 
8360, 0.118182, 0.118182, 0.123636, 0.125455, 0.125455, 0.127273, 0.130909, 0.130909, 
8380, 0.11943, 0.121212, 0.121212, 0.12656, 0.124777, 0.128342, 0.128342, 0.130125, 
8400, 0.120629, 0.122378, 0.124126, 0.125874, 0.124126, 0.125874, 0.127622, 0.129371, 
8420, 0.120748, 0.12415, 0.12415, 0.127551, 0.12415, 0.127551, 0.12415, 0.127551, 
8440, 0.123153, 0.121511, 0.123153, 0.123153, 0.128079, 0.126437, 0.126437, 0.128079, 
8460, 0.123003, 0.121406, 0.124601, 0.121406, 0.126198, 0.126198, 0.127796, 0.129393, 
8480, 0.121875, 0.120312, 0.121875, 0.125, 0.126563, 0.128125, 0.128125, 0.128125, 
8500, 0.120244, 0.118721, 0.120244, 0.126332, 0.126332, 0.126332, 0.130898, 0.130898, 
8520, 0.118694, 0.117211, 0.124629, 0.123145, 0.12908, 0.130564, 0.127596, 0.12908, 
8540, 0.119253, 0.12069, 0.122126, 0.126437, 0.123563, 0.126437, 0.130747, 0.130747, 
8560, 0.120617, 0.12202, 0.124825, 0.123422, 0.123422, 0.129032, 0.12763, 0.129032, 
8580, 0.122283, 0.125, 0.123641, 0.125, 0.125, 0.122283, 0.127717, 0.129076, 
8600, 0.125, 0.125, 0.126344, 0.125, 0.122312, 0.123656, 0.125, 0.127688, 
8620, 0.128137, 0.128137, 0.126816, 0.124174, 0.121532, 0.122853, 0.124174, 0.124174, 
8640, 0.126943, 0.126943, 0.125648, 0.123057, 0.124352, 0.126943, 0.123057, 0.123057, 
8660, 0.126408, 0.126408, 0.122653, 0.12015, 0.12766, 0.125156, 0.126408, 0.125156, 
8680, 0.124079, 0.12285, 0.120393, 0.12285, 0.124079, 0.128993, 0.128993, 0.127764, 
8700, 0.121103, 0.118705, 0.118705, 0.125899, 0.128297, 0.125899, 0.130695, 0.130695, 
8720, 0.119527, 0.119527, 0.12426, 0.125444, 0.125444, 0.127811, 0.128994, 0.128994, 
8740, 0.122989, 0.125287, 0.125287, 0.126437, 0.124138, 0.122989, 0.126437, 0.126437, 
8760, 0.124859, 0.125984, 0.127109, 0.123735, 0.123735, 0.125984, 0.123735, 0.124859, 
8780, 0.127193, 0.127193, 0.125, 0.122807, 0.123904, 0.123904, 0.125, 0.125, 
8800, 0.12595, 0.124864, 0.124864, 0.123778, 0.124864, 0.123778, 0.12595, 0.12595, 
8820, 0.125134, 0.124064, 0.122995, 0.125134, 0.125134, 0.126203, 0.125134, 0.126203, 
8840, 0.123701, 0.123701, 0.12474, 0.122661, 0.126819, 0.126819, 0.12474, 0.126819, 
8860, 0.125, 0.123984, 0.122967, 0.123984, 0.125, 0.126016, 0.126016, 0.127033, 
8880, 0.121807, 0.120825, 0.120825, 0.123772, 0.128684, 0.127701, 0.127701, 0.128684, 
8900, 0.121881, 0.120921, 0.121881, 0.12476, 0.12572, 0.126679, 0.128599, 0.129559, 
8920, 0.122544, 0.121609, 0.12348, 0.127222, 0.124415, 0.127222, 0.126286, 0.127222, 
8940, 0.124319, 0.124319, 0.125227, 0.124319, 0.125227, 0.125227, 0.125227, 0.126134, 
8960, 0.124666, 0.124666, 0.126447, 0.123776, 0.124666, 0.123776, 0.125557, 0.126447, 
8980, 0.125109, 0.125109, 0.125109, 0.125109, 0.124234, 0.125109, 0.124234, 0.125984, 
9000, 0.126079, 0.126079, 0.126079, 0.125216, 0.123489, 0.124352, 0.124352, 0.124352, 
9020, 0.126271, 0.126271, 0.125424, 0.124576, 0.124576, 0.125424, 0.122881, 0.124576, 
9040, 0.125729, 0.125729, 0.125729, 0.122398, 0.125729, 0.124063, 0.125729, 0.124896, 
9060, 0.124897, 0.124897, 0.122432, 0.126541, 0.124076, 0.126541, 0.125719, 0.124897, 
9080, 0.124498, 0.123695, 0.125301, 0.123695, 0.126104, 0.125301, 0.126104, 0.125301, 
9100, 0.125, 0.124214, 0.123428, 0.125, 0.125786, 0.124214, 0.126572, 0.125786, 
9120, 0.124138, 0.122605, 0.124904, 0.124138, 0.12567, 0.126437, 0.12567, 0.126437, 
9140, 0.123216, 0.124718, 0.124718, 0.123967, 0.12547, 0.126972, 0.124718, 0.126221, 
9160, 0.124077, 0.124077, 0.1226, 0.126292, 0.124077, 0.125554, 0.127031, 0.126292, 
9180, 0.12509, 0.124367, 0.12509, 0.12509, 0.123644, 0.126537, 0.12509, 0.12509, 
9200, 0.125265, 0.124558, 0.125973, 0.12385, 0.125265, 0.124558, 0.125265, 0.125265, 
9220, 0.125348, 0.124652, 0.124652, 0.124652, 0.125348, 0.124652, 0.125348, 0.125348, 
9240, 0.12586, 0.125172, 0.125172, 0.125172, 0.124484, 0.124484, 0.125172, 0.124484, 
9260, 0.125506, 0.124831, 0.124831, 0.124831, 0.125506, 0.124831, 0.124831, 0.124831, 
9280, 0.124835, 0.124174, 0.124174, 0.123514, 0.125495, 0.126156, 0.126156, 0.125495, 
9300, 0.123632, 0.122344, 0.122988, 0.12492, 0.126207, 0.126207, 0.126851, 0.126851, 
9320, 0.12327, 0.123899, 0.123899, 0.125786, 0.125157, 0.125157, 0.126415, 0.126415, 
9340, 0.123472, 0.124083, 0.125306, 0.124694, 0.124694, 0.125917, 0.125917, 0.125917, 
9360, 0.122558, 0.123742, 0.12315, 0.124334, 0.126702, 0.12611, 0.12611, 0.127294, 
9380, 0.124781, 0.124781, 0.125364, 0.124781, 0.124198, 0.125364, 0.125948, 0.124781, 
9400, 0.123659, 0.123659, 0.126482, 0.124224, 0.124788, 0.125918, 0.125353, 0.125918, 
9420, 0.12273, 0.12328, 0.122179, 0.126032, 0.126582, 0.125482, 0.126582, 0.127133, 
9440, 0.123656, 0.123656, 0.125806, 0.125806, 0.124731, 0.124731, 0.125806, 0.125806, 
9460, 0.125393, 0.126443, 0.125918, 0.124344, 0.124344, 0.124344, 0.124344, 0.124869, 
9480, 0.126234, 0.126234, 0.125195, 0.125714, 0.124156, 0.123636, 0.124156, 0.124675, 
9500, 0.126085, 0.125574, 0.126085, 0.124043, 0.125064, 0.124043, 0.124043, 0.125064, 
9520, 0.125441, 0.124937, 0.123929, 0.125441, 0.124937, 0.124937, 0.125441, 0.124937, 
9540, 0.125805, 0.124814, 0.12531, 0.12531, 0.124319, 0.125805, 0.124319, 0.124319, 
9560, 0.124818, 0.124818, 0.124818, 0.123361, 0.125789, 0.125304, 0.125789, 0.125304, 
9580, 0.124762, 0.12381, 0.124762, 0.125714, 0.124762, 0.124762, 0.12619, 0.125238, 
9600, 0.124942, 0.125877, 0.125877, 0.125877, 0.124006, 0.124942, 0.124006, 0.124474, 
9620, 0.125402, 0.124943, 0.125402, 0.123565, 0.125861, 0.124483, 0.124943, 0.125402, 
9640, 0.125284, 0.125284, 0.123922, 0.126645, 0.124376, 0.12483, 0.12483, 0.12483, 
9660, 0.125952, 0.125504, 0.125504, 0.124608, 0.125056, 0.12416, 0.124608, 0.124608, 
9680, 0.12544, 0.125, 0.125, 0.12412, 0.125, 0.12544, 0.125, 0.125, 
9700, 0.124838, 0.123974, 0.123542, 0.124838, 0.125702, 0.126134, 0.12527, 0.125702, 
9720, 0.123213, 0.123633, 0.123633, 0.124474, 0.125736, 0.126577, 0.126577, 0.126156, 
9740, 0.12326, 0.123669, 0.124079, 0.124898, 0.125717, 0.125717, 0.126536, 0.126126, 
9760, 0.1249, 0.125301, 0.125301, 0.125703, 0.124096, 0.1249, 0.1249, 0.1249, 
9780, 0.125197, 0.125592, 0.125592, 0.124408, 0.124803, 0.125197, 0.124408, 0.124803, 
9800, 0.124709, 0.125097, 0.124709, 0.125097, 0.125097, 0.124709, 0.125486, 0.125097, 
9820, 0.124382, 0.124382, 0.124762, 0.124382, 0.125523, 0.125903, 0.124762, 0.125903, 
9840, 0.124207, 0.12458, 0.12458, 0.125699, 0.124953, 0.124953, 0.126072, 0.124953, 
9860, 0.124954, 0.125321, 0.125687, 0.124588, 0.124954, 0.124954, 0.124588, 0.124954, 
9880, 0.124909, 0.125272, 0.124909, 0.125272, 0.124909, 0.124909, 0.124909, 0.124909, 
9900, 0.124645, 0.125, 0.124645, 0.12429, 0.125355, 0.125355, 0.125355, 0.125355, 
9920, 0.124782, 0.125131, 0.124782, 0.125481, 0.124782, 0.125481, 0.124432, 0.125131, 
9940, 0.124012, 0.124356, 0.124699, 0.125043, 0.125386, 0.125386, 0.12573, 0.125386, 
9960, 0.124326, 0.124663, 0.124663, 0.125337, 0.125337, 0.125, 0.125337, 0.125337, 
9980, 0.124751, 0.125083, 0.125083, 0.125083, 0.125083, 0.124419, 0.125415, 0.125083, 
10000, 0.125697, 0.126026, 0.126354, 0.124713, 0.124056, 0.124385, 0.124385, 0.124385, 
10020, 0.124757, 0.125081, 0.124757, 0.124109, 0.125081, 0.126053, 0.124757, 0.125405, 
10040, 0.12361, 0.123928, 0.123292, 0.125834, 0.125516, 0.125516, 0.12647, 0.125834, 
10060, 0.124729, 0.124729, 0.125348, 0.123801, 0.125039, 0.125348, 0.125348, 0.125658, 
10080, 0.124242, 0.124242, 0.124545, 0.125152, 0.125152, 0.125455, 0.125152, 0.126061, 
10100, 0.124702, 0.124702, 0.125298, 0.125, 0.124405, 0.125298, 0.125298, 0.125298, 
10120, 0.124128, 0.124419, 0.124128, 0.124128, 0.125581, 0.125872, 0.125872, 0.125872, 
10140, 0.124291, 0.124574, 0.124574, 0.125426, 0.124858, 0.125142, 0.125709, 0.125426, 
10160, 0.125489, 0.125769, 0.125769, 0.12493, 0.124371, 0.124371, 0.124651, 0.124651, 
10180, 0.125207, 0.125484, 0.125207, 0.124378, 0.124655, 0.125484, 0.124655, 0.124931, 
10200, 0.123784, 0.124054, 0.123514, 0.125135, 0.126216, 0.125135, 0.126216, 0.125946, 
10220, 0.12457, 0.12457, 0.125628, 0.124835, 0.12457, 0.125364, 0.125099, 0.125364, 
10240, 0.12474, 0.125, 0.125, 0.12448, 0.125, 0.12526, 0.12526, 0.12526, 
10260, 0.124936, 0.125448, 0.124936, 0.125448, 0.124424, 0.125192, 0.12468, 0.124936, 
10280, 0.124402, 0.124402, 0.124906, 0.124906, 0.125409, 0.125157, 0.125409, 0.125409, 
10300, 0.124383, 0.12463, 0.12463, 0.125123, 0.12537, 0.124877, 0.125617, 0.12537, 
10320, 0.125121, 0.125364, 0.125121, 0.125121, 0.124636, 0.124879, 0.124879, 0.124879, 
10340, 0.124671, 0.12491, 0.124671, 0.124192, 0.125389, 0.125389, 0.125389, 0.125389, 
10360, 0.124882, 0.125118, 0.124647, 0.125588, 0.124412, 0.125353, 0.124882, 0.125118, 
10380, 0.124567, 0.124567, 0.124798, 0.124798, 0.125029, 0.125491, 0.125491, 0.12526, 
10400, 0.124377, 0.124377, 0.12483, 0.124604, 0.12551, 0.125283, 0.12551, 0.12551, 
10420, 0.124861, 0.125083, 0.124639, 0.125083, 0.124861, 0.125083, 0.125305, 0.125083, 
10440, 0.124455, 0.124455, 0.124891, 0.125327, 0.125109, 0.124891, 0.125545, 0.125327, 
10460, 0.124786, 0.125, 0.125, 0.124786, 0.125, 0.125, 0.125214, 0.125214, 
10480, 0.125185, 0.125397, 0.125397, 0.125397, 0.12455, 0.12455, 0.124762, 0.124762, 
10500, 0.124374, 0.124583, 0.124374, 0.124791, 0.125626, 0.125417, 0.125417, 0.125417, 
10520, 0.124438, 0.124642, 0.124847, 0.124234, 0.125051, 0.12546, 0.125664, 0.125664, 
10540, 0.12495, 0.125351, 0.125552, 0.125351, 0.124148, 0.124749, 0.12495, 0.12495, 
10560, 0.125099, 0.125099, 0.125099, 0.124704, 0.125296, 0.124704, 0.124901, 0.125099, 
10580, 0.124708, 0.124514, 0.124319, 0.125097, 0.125486, 0.125292, 0.125292, 0.125292, 
10600, 0.124738, 0.124547, 0.125119, 0.124547, 0.12531, 0.125119, 0.12531, 0.12531, 
10620, 0.124696, 0.124696, 0.124883, 0.125257, 0.124883, 0.12507, 0.125257, 0.125257, 
10640, 0.124587, 0.12477, 0.124954, 0.124587, 0.125322, 0.125138, 0.125322, 0.125322, 
10660, 0.124572, 0.124572, 0.124392, 0.125473, 0.124932, 0.125473, 0.125293, 0.125293, 
10680, 0.124934, 0.124934, 0.124934, 0.124582, 0.125286, 0.12511, 0.12511, 0.12511, 
10700, 0.125022, 0.125022, 0.124676, 0.124676, 0.125194, 0.125022, 0.125194, 0.125194, 
10720, 0.1246, 0.124431, 0.1246, 0.125105, 0.125105, 0.125443, 0.125274, 0.125443, 
10740, 0.125124, 0.124959, 0.125124, 0.124959, 0.124628, 0.124959, 0.124793, 0.125455, 
10760, 0.124373, 0.124373, 0.124697, 0.12502, 0.125505, 0.12502, 0.125829, 0.125182, 
10780, 0.124504, 0.124663, 0.124663, 0.124822, 0.125297, 0.125297, 0.125297, 0.125456, 
10800, 0.124806, 0.124806, 0.124961, 0.125427, 0.124806, 0.125117, 0.124961, 0.125117, 
10820, 0.124866, 0.124866, 0.125172, 0.124866, 0.125019, 0.125019, 0.125019, 0.125172, 
10840, 0.124698, 0.124849, 0.125151, 0.124849, 0.125151, 0.125151, 0.125, 0.125151, 
10860, 0.124518, 0.124666, 0.12437, 0.124815, 0.125259, 0.125556, 0.125259, 0.125556, 
10880, 0.124566, 0.124566, 0.124855, 0.124855, 0.124855, 0.125289, 0.125434, 0.125578, 
10900, 0.12449, 0.12463, 0.12463, 0.124912, 0.125194, 0.125334, 0.125334, 0.125475, 
10920, 0.124983, 0.124983, 0.124983, 0.124707, 0.124845, 0.124983, 0.125259, 0.125259, 
10940, 0.125017, 0.125017, 0.125153, 0.125289, 0.124881, 0.124745, 0.124881, 0.125017, 
10960, 0.1247, 0.124833, 0.1247, 0.1247, 0.125233, 0.125233, 0.1251, 0.1255, 
10980, 0.124738, 0.124738, 0.124738, 0.125, 0.125, 0.125262, 0.125262, 0.125262, 
11000, 0.124744, 0.124744, 0.124744, 0.125513, 0.124872, 0.125, 0.125128, 0.125256, 
11020, 0.124122, 0.124248, 0.125, 0.124749, 0.125501, 0.125251, 0.125627, 0.125501, 
11040, 0.125169, 0.125416, 0.125046, 0.125046, 0.124553, 0.125046, 0.1248, 0.124923, 
11060, 0.124473, 0.124594, 0.124594, 0.124473, 0.125436, 0.125436, 0.125436, 0.125557, 
11080, 0.124473, 0.124707, 0.124707, 0.125293, 0.124941, 0.125176, 0.12541, 0.125293, 
11100, 0.125043, 0.124929, 0.125157, 0.124929, 0.124815, 0.125043, 0.125043, 0.125043, 
11120, 0.12493, 0.12493, 0.125154, 0.12493, 0.124818, 0.125042, 0.125042, 0.125154, 
11140, 0.12511, 0.12511, 0.12511, 0.125221, 0.12489, 0.124779, 0.12489, 0.12489, 
11160, 0.124582, 0.124475, 0.124582, 0.125013, 0.125337, 0.125229, 0.125337, 0.125445, 
11180, 0.124737, 0.124631, 0.124842, 0.124631, 0.125158, 0.125369, 0.125158, 0.125474, 
11200, 0.125052, 0.124948, 0.125052, 0.125362, 0.124741, 0.124741, 0.125155, 0.124948, 
11220, 0.124835, 0.124835, 0.12514, 0.124733, 0.125242, 0.124936, 0.12514, 0.12514, 
11240, 0.12485, 0.12495, 0.12495, 0.125349, 0.12485, 0.12495, 0.12505, 0.12505, 
11260, 0.125159, 0.125061, 0.125061, 0.124963, 0.124963, 0.124865, 0.124963, 0.124963, 
11280, 0.124916, 0.124819, 0.125012, 0.125012, 0.125109, 0.125012, 0.125012, 0.125109, 
11300, 0.124776, 0.124871, 0.124776, 0.124871, 0.125153, 0.125153, 0.125153, 0.125247, 
11320, 0.124677, 0.12477, 0.12477, 0.125138, 0.125138, 0.125138, 0.125138, 0.12523, 
11340, 0.12446, 0.12464, 0.125, 0.12491, 0.12527, 0.12518, 0.12527, 0.12527, 
11360, 0.124834, 0.124834, 0.124746, 0.125099, 0.125011, 0.125099, 0.125188, 0.125188, 
11380, 0.124892, 0.125065, 0.125065, 0.124978, 0.124892, 0.124978, 0.125065, 0.125065, 
11400, 0.125117, 0.124947, 0.124947, 0.124691, 0.124862, 0.125117, 0.125117, 0.125202, 
11420, 0.12477, 0.124937, 0.124854, 0.124937, 0.125021, 0.125104, 0.125104, 0.125272, 
11440, 0.124836, 0.124673, 0.124673, 0.124673, 0.125164, 0.125245, 0.125409, 0.125327, 
11460, 0.12497, 0.12497, 0.124809, 0.12505, 0.124729, 0.12513, 0.125211, 0.12513, 
11480, 0.124677, 0.124598, 0.124755, 0.124755, 0.125304, 0.125225, 0.125382, 0.125304, 
11500, 0.124962, 0.125038, 0.124885, 0.125344, 0.124656, 0.125038, 0.125038, 0.125038, 
11520, 0.124759, 0.124759, 0.124833, 0.124759, 0.125056, 0.125279, 0.125279, 0.125279, 
11540, 0.124918, 0.124845, 0.124845, 0.124918, 0.124991, 0.125136, 0.125136, 0.125209, 
11560, 0.125116, 0.125045, 0.125116, 0.125045, 0.124973, 0.12483, 0.124902, 0.124973, 
11580, 0.125061, 0.124991, 0.124991, 0.125202, 0.124921, 0.124921, 0.124921, 0.124991, 
11600, 0.125009, 0.125009, 0.125147, 0.125147, 0.125009, 0.12487, 0.12487, 0.124939, 
11620, 0.125171, 0.125239, 0.125171, 0.124897, 0.124966, 0.124829, 0.124829, 0.124897, 
11640, 0.125034, 0.125101, 0.124832, 0.124832, 0.125034, 0.125101, 0.125034, 0.125034, 
11660, 0.124769, 0.124703, 0.124835, 0.125033, 0.124967, 0.125297, 0.125165, 0.125231, 
11680, 0.124879, 0.124815, 0.124879, 0.125072, 0.125008, 0.125008, 0.125201, 0.125137, 
11700, 0.124889, 0.124826, 0.124953, 0.124889, 0.125079, 0.125079, 0.125142, 0.125142, 
11720, 0.125085, 0.125085, 0.124961, 0.125085, 0.124961, 0.1249, 0.124961, 0.124961, 
11740, 0.125137, 0.125076, 0.125076, 0.124954, 0.124954, 0.124894, 0.124954, 0.124954, 
11760, 0.124963, 0.124963, 0.124963, 0.124963, 0.125142, 0.124963, 0.125022, 0.125022, 
11780, 0.125051, 0.125051, 0.12511, 0.12511, 0.124817, 0.124993, 0.124876, 0.124993, 
11800, 0.125022, 0.124964, 0.124907, 0.124907, 0.125079, 0.124964, 0.125079, 0.125079, 
11820, 0.124901, 0.124845, 0.124958, 0.125014, 0.124901, 0.125127, 0.125127, 0.125127, 
11840, 0.124821, 0.124821, 0.124711, 0.124711, 0.125152, 0.125207, 0.125317, 0.125262, 
11860, 0.124899, 0.125007, 0.124953, 0.125061, 0.124791, 0.125115, 0.125061, 0.125115, 
11880, 0.124967, 0.124861, 0.124861, 0.12502, 0.12502, 0.12502, 0.125126, 0.125126, 
11900, 0.125059, 0.125007, 0.125059, 0.125059, 0.125059, 0.124902, 0.124902, 0.124954, 
11920, 0.124866, 0.124866, 0.124866, 0.124917, 0.12507, 0.125172, 0.12507, 0.125172, 
11940, 0.124944, 0.124894, 0.124944, 0.124894, 0.124944, 0.125093, 0.125093, 0.125193, 
11960, 0.12489, 0.124939, 0.125086, 0.125233, 0.124988, 0.12489, 0.125037, 0.124939, 
11980, 0.12503, 0.12503, 0.124982, 0.124982, 0.124982, 0.124934, 0.124982, 0.125078, 
12000, 0.124871, 0.124965, 0.124871, 0.124871, 0.125059, 0.125106, 0.125153, 0.125106, 
12020, 0.125063, 0.125017, 0.125109, 0.125109, 0.124833, 0.124925, 0.125017, 0.124925, 
12040, 0.124972, 0.124972, 0.124972, 0.124882, 0.125107, 0.125017, 0.125017, 0.125062, 
12060, 0.124889, 0.124889, 0.124889, 0.125066, 0.125022, 0.125066, 0.125066, 0.125111, 
12080, 0.124858, 0.124858, 0.124902, 0.124902, 0.12512, 0.12512, 0.12512, 0.12512, 
12100, 0.125021, 0.125021, 0.125107, 0.124979, 0.12485, 0.124979, 0.124979, 0.125064, 
12120, 0.1248, 0.124842, 0.124842, 0.124968, 0.125179, 0.125095, 0.125179, 0.125095, 
12140, 0.124928, 0.124928, 0.124928, 0.124928, 0.124886, 0.125135, 0.125135, 0.125135, 
12160, 0.12496, 0.12496, 0.125, 0.12496, 0.125, 0.12496, 0.125081, 0.125081, 
12180, 0.124782, 0.124861, 0.124941, 0.124941, 0.125139, 0.125059, 0.125099, 0.125178, 
12200, 0.124884, 0.124845, 0.124806, 0.125078, 0.125, 0.125116, 0.125155, 0.125116, 
12220, 0.125005, 0.125005, 0.125081, 0.124967, 0.124929, 0.124967, 0.125043, 0.125005, 
12240, 0.124958, 0.124921, 0.124995, 0.124921, 0.124995, 0.12507, 0.12507, 0.12507, 
12260, 0.124764, 0.124728, 0.124764, 0.124946, 0.125163, 0.125163, 0.1252, 0.125272, 
12280, 0.125022, 0.125093, 0.125199, 0.125129, 0.124845, 0.12488, 0.124951, 0.12488, 
12300, 0.124957, 0.124887, 0.124991, 0.124991, 0.125095, 0.124991, 0.125026, 0.125061, 
12320, 0.125038, 0.125106, 0.125038, 0.125004, 0.124936, 0.124936, 0.124936, 0.125004, 
12340, 0.125017, 0.125017, 0.124983, 0.12495, 0.12495, 0.125017, 0.12505, 0.125017, 
12360, 0.124996, 0.124996, 0.124963, 0.125029, 0.125029, 0.124963, 0.125029, 0.124996, 
12380, 0.124956, 0.124956, 0.124956, 0.124827, 0.12502, 0.125052, 0.125149, 0.125085, 
12400, 0.124866, 0.124866, 0.124866, 0.124992, 0.125055, 0.12515, 0.125087, 0.125119, 
12420, 0.124926, 0.124957, 0.124988, 0.124957, 0.124988, 0.125019, 0.12505, 0.125112, 
12440, 0.125004, 0.125004, 0.125004, 0.125095, 0.124852, 0.124973, 0.125034, 0.125034, 
12460, 0.124866, 0.124896, 0.124985, 0.124896, 0.125074, 0.125074, 0.125074, 0.125134, 
12480, 0.124938, 0.124996, 0.124938, 0.124996, 0.125025, 0.125025, 0.125055, 0.125025, 
12500, 0.124932, 0.124932, 0.124961, 0.125047, 0.125018, 0.125047, 0.125075, 0.124989, 
12520, 0.12493, 0.124958, 0.124986, 0.124958, 0.12507, 0.125042, 0.125042, 0.125014, 
12540, 0.124931, 0.124986, 0.125014, 0.125014, 0.124931, 0.125041, 0.125041, 0.125041, 
12560, 0.12503, 0.125003, 0.12503, 0.125003, 0.125003, 0.124949, 0.124976, 0.125003, 
12580, 0.124901, 0.124875, 0.124954, 0.125033, 0.125033, 0.125059, 0.125059, 0.125086, 
12600, 0.124948, 0.124948, 0.124948, 0.124923, 0.124948, 0.125077, 0.125103, 0.125103, 
12620, 0.124987, 0.124962, 0.124962, 0.124912, 0.125038, 0.124962, 0.125063, 0.125114, 
12640, 0.124888, 0.124913, 0.124888, 0.125062, 0.125037, 0.125087, 0.125087, 0.125037, 
12660, 0.12493, 0.124979, 0.125003, 0.12493, 0.125052, 0.125027, 0.125027, 0.125052, 
12680, 0.124905, 0.124881, 0.124952, 0.125024, 0.125024, 0.125048, 0.125071, 0.125095, 
12700, 0.124901, 0.124901, 0.124971, 0.124971, 0.125041, 0.125064, 0.125064, 0.125087, 
12720, 0.124963, 0.124963, 0.124963, 0.124963, 0.124963, 0.125054, 0.125054, 0.125077, 
12740, 0.12498, 0.12498, 0.124958, 0.124958, 0.125003, 0.125003, 0.125048, 0.12507, 
12760, 0.125033, 0.125033, 0.125011, 0.124989, 0.124923, 0.124989, 0.124989, 0.125033, 
12780, 0.124922, 0.124901, 0.124901, 0.124987, 0.125051, 0.125051, 0.125094, 0.125094, 
12800, 0.124997, 0.125018, 0.125039, 0.124997, 0.124955, 0.124997, 0.124997, 0.124997, 
12820, 0.124966, 0.124946, 0.124966, 0.124966, 0.125049, 0.125028, 0.125028, 0.125049, 
12840, 0.124967, 0.124987, 0.124987, 0.124987, 0.124987, 0.125008, 0.125028, 0.125048, 
12860, 0.125005, 0.125045, 0.125045, 0.125045, 0.124945, 0.124965, 0.124965, 0.124985, 
12880, 0.125015, 0.124995, 0.125034, 0.124995, 0.125015, 0.124976, 0.124976, 0.124995, 
12900, 0.125029, 0.124971, 0.124971, 0.12499, 0.12499, 0.125029, 0.12501, 0.12501, 
12920, 0.125042, 0.125023, 0.124986, 0.125005, 0.125005, 0.124949, 0.124986, 0.125005, 
12940, 0.124938, 0.12492, 0.124975, 0.125048, 0.125011, 0.125048, 0.12503, 0.12503, 
12960, 0.12504, 0.125022, 0.125004, 0.124951, 0.124987, 0.125004, 0.124987, 0.125004, 
12980, 0.124912, 0.124895, 0.124877, 0.124947, 0.125088, 0.125105, 0.125088, 0.125088, 
13000, 0.124983, 0.124966, 0.124966, 0.125017, 0.124966, 0.125034, 0.125034, 0.125034, 
13020, 0.124966, 0.124949, 0.124983, 0.124983, 0.125, 0.125017, 0.125051, 0.125051, 
13040, 0.12506, 0.125093, 0.125077, 0.125044, 0.124944, 0.124944, 0.124911, 0.124927, 
13060, 0.125018, 0.125018, 0.125002, 0.124937, 0.125002, 0.124986, 0.124986, 0.125051, 
13080, 0.124996, 0.124996, 0.124964, 0.125012, 0.124996, 0.124996, 0.125044, 0.124996, 
13100, 0.124996, 0.12498, 0.125012, 0.12498, 0.125027, 0.125012, 0.124996, 0.124996, 
13120, 0.125056, 0.12501, 0.12501, 0.125056, 0.124964, 0.124979, 0.124964, 0.124964, 
13140, 0.125, 0.125, 0.124985, 0.12494, 0.12503, 0.125015, 0.125015, 0.125015, 
13160, 0.125026, 0.125026, 0.124996, 0.125041, 0.125011, 0.124967, 0.124952, 0.124982, 
13180, 0.125011, 0.124982, 0.125025, 0.124982, 0.124967, 0.125025, 0.125011, 0.124996, 
13200, 0.124982, 0.125011, 0.124996, 0.125025, 0.125025, 0.124982, 0.125011, 0.124968, 
13220, 0.125036, 0.125009, 0.125009, 0.124981, 0.124995, 0.124995, 0.124995, 0.124981, 
13240, 0.124998, 0.124998, 0.125012, 0.125012, 0.125012, 0.124998, 0.124985, 0.124985, 
13260, 0.125002, 0.125002, 0.124988, 0.125015, 0.125028, 0.124988, 0.124975, 0.125002, 
13280, 0.125008, 0.125021, 0.124995, 0.124982, 0.125008, 0.125008, 0.124995, 0.124982, 
13300, 0.124928, 0.124941, 0.124967, 0.125056, 0.125005, 0.12503, 0.125043, 0.12503, 
13320, 0.124995, 0.125008, 0.12502, 0.12497, 0.12502, 0.125008, 0.124995, 0.124983, 
13340, 0.124982, 0.124982, 0.124994, 0.125031, 0.125006, 0.125018, 0.125006, 0.124982, 
13360, 0.124958, 0.12497, 0.124982, 0.12497, 0.125054, 0.12503, 0.125018, 0.125018, 
13380, 0.124988, 0.125, 0.125012, 0.124976, 0.124976, 0.125035, 0.125012, 0.125, 
13400, 0.124958, 0.12497, 0.12497, 0.125004, 0.125016, 0.125016, 0.125028, 0.125039, 
13420, 0.12499, 0.125001, 0.125013, 0.125013, 0.124979, 0.125001, 0.125013, 0.12499, 
13440, 0.124979, 0.125001, 0.125013, 0.124979, 0.125013, 0.125001, 0.125001, 0.125013, 
13460, 0.125004, 0.125004, 0.125004, 0.125037, 0.125004, 0.124971, 0.124982, 0.124993, 
13480, 0.125003, 0.124992, 0.124992, 0.124971, 0.12496, 0.125024, 0.125013, 0.125046, 
13500, 0.124954, 0.124933, 0.124933, 0.124986, 0.125059, 0.125028, 0.125059, 0.125049, 
13520, 0.124987, 0.125008, 0.125018, 0.125018, 0.124966, 0.124997, 0.124997, 0.125008, 
13540, 0.12502, 0.125, 0.12502, 0.125, 0.125, 0.12499, 0.12499, 0.12498, 
13560, 0.124922, 0.124942, 0.124971, 0.125001, 0.125031, 0.125041, 0.125051, 0.125041, 
13580, 0.125011, 0.125001, 0.125001, 0.125001, 0.124991, 0.125001, 0.125001, 0.124991, 
13600, 0.124993, 0.124983, 0.124983, 0.125002, 0.125002, 0.125012, 0.125012, 0.125012, 
13620, 0.12499, 0.12499, 0.12499, 0.12499, 0.125008, 0.125008, 0.125017, 0.125008, 
13640, 0.124987, 0.124978, 0.124987, 0.125024, 0.125006, 0.125006, 0.125006, 0.125006, 
13660, 0.124986, 0.124977, 0.124986, 0.124968, 0.125003, 0.125021, 0.12503, 0.12503, 
13680, 0.125002, 0.125011, 0.125011, 0.125011, 0.124993, 0.124985, 0.124993, 0.124993, 
13700, 0.124967, 0.124967, 0.125001, 0.12501, 0.125018, 0.125001, 0.125018, 0.125018, 
13720, 0.124944, 0.124978, 0.124995, 0.125012, 0.12502, 0.12502, 0.12502, 0.125012, 
13740, 0.125, 0.124992, 0.124967, 0.124975, 0.125, 0.125025, 0.125025, 0.125016, 
13760, 0.124987, 0.124979, 0.124995, 0.125011, 0.125003, 0.125003, 0.125011, 0.125011, 
13780, 0.124965, 0.124973, 0.124981, 0.124965, 0.125037, 0.125021, 0.125029, 0.125029, 
13800, 0.125022, 0.125022, 0.125007, 0.125053, 0.12496, 0.124968, 0.124983, 0.124983, 
13820, 0.125032, 0.12501, 0.125017, 0.124964, 0.125002, 0.124994, 0.124987, 0.124994, 
13840, 0.125004, 0.125004, 0.124974, 0.124981, 0.125011, 0.125019, 0.125004, 0.125004, 
13860, 0.124984, 0.12497, 0.124992, 0.125028, 0.125006, 0.124999, 0.125006, 0.125014, 
13880, 0.125002, 0.125002, 0.124987, 0.125009, 0.124995, 0.125002, 0.125002, 0.125002, 
13900, 0.12501, 0.125003, 0.12501, 0.124982, 0.12501, 0.124996, 0.124996, 0.124996, 
13920, 0.124972, 0.124979, 0.124965, 0.124986, 0.125007, 0.125028, 0.125035, 0.125028, 
13940, 0.124992, 0.124979, 0.124992, 0.124999, 0.125013, 0.125006, 0.125013, 0.125006, 
13960, 0.124981, 0.124981, 0.125001, 0.125021, 0.125001, 0.125001, 0.125007, 0.125007, 
13980, 0.125009, 0.125015, 0.125022, 0.125015, 0.124996, 0.124983, 0.124983, 0.124976, 
14000, 0.124974, 0.124986, 0.124999, 0.124999, 0.125012, 0.125012, 0.125012, 0.125006, 
14020, 0.125018, 0.125024, 0.125012, 0.124993, 0.124993, 0.124993, 0.124987, 0.12498, 
14040, 0.125008, 0.125002, 0.125008, 0.125015, 0.124978, 0.125002, 0.124996, 0.12499, 
14060, 0.124999, 0.124999, 0.124999, 0.124993, 0.125011, 0.125005, 0.124999, 0.124993, 
14080, 0.124982, 0.124993, 0.124993, 0.124988, 0.125017, 0.125011, 0.125011, 0.125005, 
14100, 0.125011, 0.125005, 0.125028, 0.125022, 0.124982, 0.124988, 0.124982, 0.124982, 
14120, 0.124981, 0.124975, 0.124975, 0.124987, 0.125004, 0.125015, 0.125026, 0.125037, 
14140, 0.12499, 0.124985, 0.124985, 0.124996, 0.125012, 0.125012, 0.125012, 0.125007, 
14160, 0.124988, 0.124983, 0.124978, 0.124967, 0.125021, 0.125021, 0.125021, 0.125021, 
14180, 0.125005, 0.125, 0.125, 0.125011, 0.124984, 0.125005, 0.125, 0.124995, 
14200, 0.125024, 0.125019, 0.125024, 0.125019, 0.124982, 0.124977, 0.124977, 0.124977, 
14220, 0.124997, 0.124992, 0.124992, 0.124997, 0.125027, 0.125002, 0.125002, 0.124992, 
14240, 0.125013, 0.125008, 0.125003, 0.125003, 0.124978, 0.124998, 0.124998, 0.124998, 
14260, 0.12501, 0.125005, 0.125005, 0.124995, 0.125005, 0.125, 0.12499, 0.12499, 
14280, 0.124987, 0.124987, 0.124978, 0.124992, 0.125026, 0.125007, 0.125011, 0.125011, 
14300, 0.12501, 0.125001, 0.125001, 0.124991, 0.124991, 0.12501, 0.125001, 0.124996, 
14320, 0.124984, 0.124984, 0.124979, 0.125016, 0.124993, 0.125007, 0.125021, 0.125016, 
14340, 0.125003, 0.125008, 0.125021, 0.124981, 0.124994, 0.124994, 0.124999, 0.124999, 
14360, 0.125004, 0.125004, 0.124991, 0.124991, 0.125, 0.125004, 0.125004, 0.125, 
14380, 0.124993, 0.124989, 0.124993, 0.125007, 0.125011, 0.125007, 0.125002, 0.124998, 
14400, 0.124982, 0.124978, 0.124982, 0.124995, 0.125008, 0.125021, 0.125016, 0.125016, 
14420, 0.124993, 0.124989, 0.124997, 0.124985, 0.12501, 0.125006, 0.12501, 0.12501, 
14440, 0.12499, 0.12499, 0.12499, 0.125015, 0.12499, 0.124998, 0.125011, 0.125015, 
14460, 0.125007, 0.125003, 0.125011, 0.125003, 0.124995, 0.124995, 0.124991, 0.124995, 
14480, 0.124997, 0.124997, 0.125008, 0.125, 0.125008, 0.125, 0.124993, 0.124997, 
14500, 0.124986, 0.124986, 0.124978, 0.124998, 0.125013, 0.125017, 0.125013, 0.125009, 
14520, 0.124987, 0.124987, 0.124998, 0.124998, 0.125009, 0.125006, 0.125006, 0.125009, 
14540, 0.125004, 0.125004, 0.125004, 0.125008, 0.124989, 0.124997, 0.124997, 0.124997, 
14560, 0.125001, 0.125001, 0.124998, 0.124994, 0.124987, 0.125009, 0.125005, 0.125005, 
14580, 0.125001, 0.125001, 0.125008, 0.124998, 0.125001, 0.124991, 0.124998, 0.125001, 
14600, 0.125013, 0.125013, 0.125006, 0.124996, 0.124999, 0.124992, 0.124992, 0.124989, 
14620, 0.124998, 0.124994, 0.124998, 0.124998, 0.125001, 0.125005, 0.125001, 0.125005, 
14640, 0.124995, 0.124991, 0.124995, 0.125005, 0.125005, 0.125005, 0.125001, 0.125005, 
14660, 0.125001, 0.125001, 0.125005, 0.124995, 0.124995, 0.125005, 0.125001, 0.124998, 
14680, 0.124977, 0.12498, 0.124977, 0.124999, 0.125015, 0.125019, 0.125019, 0.125015, 
14700, 0.125009, 0.125006, 0.125015, 0.125002, 0.124993, 0.124993, 0.124993, 0.12499, 
14720, 0.12499, 0.124986, 0.12499, 0.125002, 0.125008, 0.125008, 0.125008, 0.125008, 
14740, 0.125008, 0.125005, 0.125011, 0.125002, 0.124998, 0.124992, 0.124992, 0.124992, 
14760, 0.12499, 0.124987, 0.124993, 0.125008, 0.124999, 0.125011, 0.125008, 0.125005, 
14780, 0.124988, 0.124988, 0.125, 0.124976, 0.125008, 0.125011, 0.125014, 0.125014, 
14800, 0.124994, 0.124994, 0.124988, 0.125005, 0.124999, 0.125008, 0.125008, 0.125005, 
14820, 0.124992, 0.124989, 0.124995, 0.124992, 0.124998, 0.125006, 0.125014, 0.125014, 
14840, 0.124995, 0.124998, 0.125003, 0.125017, 0.125001, 0.124995, 0.124995, 0.124995, 
14860, 0.124998, 0.125003, 0.125003, 0.124995, 0.125001, 0.125001, 0.124998, 0.125001, 
14880, 0.124998, 0.124995, 0.124995, 0.124993, 0.125001, 0.125003, 0.125003, 0.125011, 
14900, 0.125001, 0.124998, 0.124998, 0.125006, 0.124998, 0.124998, 0.125001, 0.124998, 
14920, 0.125004, 0.125002, 0.125002, 0.124999, 0.124999, 0.124997, 0.125002, 0.124997, 
14940, 0.125003, 0.125003, 0.125001, 0.124991, 0.125003, 0.124998, 0.124998, 0.125003, 
14960, 0.124994, 0.124994, 0.124989, 0.125004, 0.125002, 0.125006, 0.125006, 0.125004, 
14980, 0.124996, 0.124994, 0.124999, 0.124996, 0.125004, 0.125004, 0.125006, 0.125001, 
15000, 0.124984, 0.124984, 0.124989, 0.125006, 0.125008, 0.12501, 0.125008, 0.12501, 
15020, 0.12498, 0.124983, 0.12499, 0.124999, 0.125015, 0.12501, 0.12501, 0.125013, 
15040, 0.12498, 0.124984, 0.124991, 0.124982, 0.125007, 0.125021, 0.125016, 0.125018, 
15060, 0.125001, 0.125001, 0.124999, 0.125001, 0.12499, 0.124999, 0.125003, 0.125006, 
15080, 0.125001, 0.125003, 0.125001, 0.125008, 0.124992, 0.124997, 0.124999, 0.124999, 
15100, 0.124998, 0.124996, 0.124998, 0.125005, 0.125, 0.124998, 0.125, 0.125005, 
15120, 0.125001, 0.124998, 0.125003, 0.12499, 0.124996, 0.125003, 0.125007, 0.125003, 
15140, 0.124996, 0.124996, 0.124996, 0.124998, 0.125006, 0.124998, 0.125004, 0.125004, 
15160, 0.124993, 0.124993, 0.124989, 0.125004, 0.125002, 0.125004, 0.125007, 0.125007, 
15180, 0.125002, 0.124998, 0.125006, 0.124996, 0.124998, 0.124998, 0.124996, 0.125004, 
15200, 0.124996, 0.124996, 0.124998, 0.124998, 0.125004, 0.125004, 0.125004, 0.124998, 
15220, 0.124995, 0.124997, 0.124999, 0.124999, 0.124993, 0.125006, 0.125004, 0.125006, 
15240, 0.124998, 0.125, 0.125, 0.125004, 0.125006, 0.124995, 0.124998, 0.124998, 
15260, 0.124994, 0.124994, 0.125, 0.124998, 0.125, 0.125005, 0.125005, 0.125005, 
15280, 0.124999, 0.125, 0.125004, 0.125, 0.124997, 0.125, 0.125, 0.124999, 
15300, 0.125003, 0.125007, 0.125003, 0.124998, 0.125002, 0.124996, 0.124996, 0.124995, 
15320, 0.124992, 0.124992, 0.124997, 0.125002, 0.125005, 0.125005, 0.125004, 0.125004, 
15340, 0.124987, 0.12499, 0.124992, 0.124998, 0.125003, 0.125012, 0.12501, 0.125008, 
15360, 0.124994, 0.124992, 0.125, 0.124999, 0.125005, 0.125002, 0.125005, 0.125003, 
15380, 0.125, 0.125002, 0.124997, 0.125003, 0.124997, 0.125, 0.125, 0.125, 
15400, 0.124998, 0.124998, 0.124999, 0.124992, 0.125001, 0.125003, 0.125006, 0.125004, 
15420, 0.124995, 0.124995, 0.124992, 0.125007, 0.124999, 0.125006, 0.125003, 0.125004, 
15440, 0.124998, 0.124998, 0.125005, 0.124996, 0.125001, 0.124999, 0.125002, 0.125002, 
15460, 0.124996, 0.124998, 0.124996, 0.124995, 0.125004, 0.125005, 0.125004, 0.125004, 
15480, 0.125002, 0.125004, 0.124998, 0.125004, 0.124995, 0.125001, 0.124998, 0.124998, 
15500, 0.124995, 0.124992, 0.124996, 0.124999, 0.125002, 0.125005, 0.125006, 0.125005, 
15520, 0.124995, 0.124996, 0.124996, 0.124997, 0.125004, 0.125003, 0.125004, 0.125004, 
15540, 0.125, 0.125004, 0.125004, 0.125004, 0.124994, 0.124997, 0.124998, 0.124998, 
15560, 0.125001, 0.125, 0.124999, 0.124996, 0.125001, 0.124999, 0.125003, 0.125001, 
15580, 0.125002, 0.125002, 0.125, 0.125, 0.124995, 0.125, 0.124999, 0.125, 
15600, 0.125003, 0.125003, 0.125001, 0.124998, 0.125, 0.124998, 0.124997, 0.125, 
15620, 0.125006, 0.125003, 0.125001, 0.124998, 0.125001, 0.124997, 0.124997, 0.124996, 
15640, 0.124999, 0.124998, 0.124999, 0.125004, 0.124998, 0.125, 0.125002, 0.124999, 
15660, 0.125002, 0.125001, 0.125004, 0.125001, 0.125002, 0.124997, 0.124995, 0.124997, 
15680, 0.124998, 0.124997, 0.124999, 0.125003, 0.125, 0.125003, 0.125001, 0.125, 
15700, 0.125001, 0.125001, 0.125004, 0.124995, 0.125, 0.125001, 0.124999, 0.124998, 
15720, 0.125002, 0.125002, 0.124998, 0.124998, 0.125002, 0.124998, 0.125, 0.125, 
15740, 0.124993, 0.124994, 0.124995, 0.125004, 0.125003, 0.125005, 0.125004, 0.125003, 
15760, 0.124997, 0.124996, 0.124998, 0.124998, 0.125002, 0.125004, 0.125004, 0.125001, 
15780, 0.125003, 0.125003, 0.125001, 0.124995, 0.124998, 0.125001, 0.125, 0.125, 
15800, 0.125001, 0.125, 0.125002, 0.125003, 0.125001, 0.124998, 0.124998, 0.124999, 
15820, 0.124997, 0.124997, 0.124997, 0.125, 0.125003, 0.125002, 0.125002, 0.125003, 
15840, 0.124996, 0.124997, 0.124995, 0.124997, 0.125001, 0.125004, 0.125004, 0.125004, 
15860, 0.124994, 0.124994, 0.124997, 0.125002, 0.125001, 0.125004, 0.125005, 0.125006, 
15880, 0.125002, 0.125004, 0.125004, 0.125, 0.124997, 0.124994, 0.124999, 0.124999, 
15900, 0.124996, 0.124994, 0.124996, 0.124999, 0.125001, 0.125005, 0.125003, 0.125006, 
15920, 0.125002, 0.125002, 0.125001, 0.125004, 0.124996, 0.124998, 0.124998, 0.124999, 
15940, 0.124999, 0.124999, 0.125, 0.124997, 0.125002, 0.125, 0.125002, 0.124999, 
15960, 0.124996, 0.124997, 0.124997, 0.125001, 0.125004, 0.125002, 0.125002, 0.125001, 
15980, 0.125001, 0.125001, 0.125002, 0.125, 0.124997, 0.125001, 0.125, 0.124999, 
16000, 0.124997, 0.124997, 0.124996, 0.125, 0.125001, 0.125004, 0.125003, 0.125002, 
16020, 0.125001, 0.125001, 0.125002, 0.124996, 0.125002, 0.125, 0.125, 0.125, 
16040, 0.124998, 0.124998, 0.124998, 0.124999, 0.125001, 0.125002, 0.125001, 0.125001, 
16060, 0.124997, 0.124997, 0.124996, 0.124999, 0.125, 0.125003, 0.125003, 0.125004, 
16080, 0.125003, 0.125003, 0.125003, 0.125, 0.124998, 0.124997, 0.124998, 0.124998, 
16100, 0.124995, 0.124996, 0.124995, 0.125003, 0.125003, 0.125002, 0.125002, 0.125002, 
16120, 0.125002, 0.125003, 0.125007, 0.124997, 0.124997, 0.124999, 0.124998, 0.124997, 
16140, 0.124996, 0.124997, 0.124996, 0.124998, 0.125004, 0.125003, 0.125003, 0.125003, 
16160, 0.124998, 0.124999, 0.125001, 0.125004, 0.124998, 0.125001, 0.125, 0.124999, 
16180, 0.124998, 0.124998, 0.124998, 0.125001, 0.125001, 0.125001, 0.125001, 0.125001, 
16200, 0.124999, 0.124999, 0.124999, 0.124996, 0.125003, 0.125001, 0.125001, 0.125001, 
16220, 0.125001, 0.125001, 0.124999, 0.125003, 0.124996, 0.125, 0.124999, 0.125, 
16240, 0.125, 0.125, 0.125, 0.125, 0.125, 0.125, 0.125, 0.125, 
16260, 0.125, 0.125, 0.125001, 0.124999, 0.124999, 0.125001, 0.125001, 0.125, 
16280, 0.125001, 0.125, 0.125, 0.125, 0.125001, 0.124999, 0.124999, 0.124999, 
16300, 0.124996, 0.124996, 0.124996, 0.124998, 0.125003, 0.125003, 0.125004, 0.125004, 
16320, 0.124997, 0.124997, 0.124998, 0.125002, 0.124999, 0.125003, 0.125002, 0.125003, 
16340, 0.124997, 0.124996, 0.125001, 0.124998, 0.124999, 0.125002, 0.125003, 0.125004, 
16360, 0.125, 0.125001, 0.124999, 0.125001, 0.125001, 0.124999, 0.125001, 0.124999, 
16380, 0.124999, 0.124999, 0.124997, 0.125001, 0.125001, 0.125, 0.125, 0.125001, 
16400, 0.124998, 0.124998, 0.125, 0.125, 0.124999, 0.125001, 0.125002, 0.125002, 
16420, 0.124997, 0.124998, 0.124999, 0.125001, 0.125002, 0.125001, 0.125001, 0.125002, 
16440, 0.125, 0.125, 0.125, 0.124998, 0.125, 0.125, 0.125001, 0.125001, 
16460, 0.125, 0.125, 0.124998, 0.125, 0.125, 0.125001, 0.125001, 0.125001, 
16480, 0.124997, 0.124996, 0.124998, 0.124998, 0.125002, 0.125003, 0.125003, 0.125002, 
16500, 0.125, 0.125001, 0.124999, 0.125, 0.124998, 0.125, 0.125, 0.125001, 
16520, 0.125, 0.125001, 0.125001, 0.125002, 0.125, 0.124998, 0.124999, 0.124999, 
16540, 0.125, 0.125, 0.125001, 0.125001, 0.125, 0.124999, 0.125, 0.125, 
16560, 0.124999, 0.125, 0.125, 0.125, 0.125, 0.125, 0.125, 0.124999, 
16580, 0.124996, 0.124997, 0.124998, 0.124999, 0.125001, 0.125003, 0.125003, 0.125003, 
16600, 0.124998, 0.124998, 0.124998, 0.124999, 0.125002, 0.125001, 0.125002, 0.125002, 
16620, 0.124999, 0.125, 0.125002, 0.125001, 0.124997, 0.125001, 0.125, 0.125, 
16640, 0.124999, 0.124999, 0.124998, 0.125, 0.125001, 0.125, 0.125001, 0.125002, 
16660, 0.124999, 0.124999, 0.124999, 0.125, 0.125002, 0.125001, 0.125001, 0.125001, 
16680, 0.125001, 0.125, 0.125001, 0.125, 0.124997, 0.125001, 0.125, 0.125, 
16700, 0.124998, 0.124999, 0.125, 0.124999, 0.125, 0.125001, 0.125002, 0.125001, 
16720, 0.125, 0.124999, 0.124999, 0.124999, 0.125001, 0.125, 0.125001, 0.125001, 
16740, 0.124999, 0.124999, 0.124999, 0.125001, 0.124999, 0.125001, 0.125, 0.125001, 
16760, 0.125, 0.125, 0.125, 0.124999, 0.125001, 0.125, 0.125, 0.124999, 
16780, 0.125, 0.125, 0.124999, 0.125002, 0.125, 0.125, 0.125, 0.125, 
16800, 0.125, 0.125, 0.125, 0.124998, 0.125001, 0.125001, 0.125001, 0.125001, 
16820, 0.124999, 0.125, 0.124999, 0.124999, 0.124999, 0.125001, 0.125001, 0.125001, 
16840, 0.124999, 0.124999, 0.124999, 0.125, 0.125001, 0.125001, 0.125001, 0.125001, 
16860, 0.124999, 0.124999, 0.124999, 0.125001, 0.125, 0.125, 0.125001, 0.125001, 
16880, 0.125, 0.125, 0.125, 0.125001, 0.125001, 0.125, 0.124999, 0.125, 
16900, 0.124999, 0.125, 0.125, 0.124999, 0.125001, 0.125001, 0.125001, 0.125, 
16920, 0.124999, 0.124999, 0.125, 0.125001, 0.125, 0.125, 0.125, 0.125, 
16940, 0.124997, 0.124998, 0.124998, 0.125, 0.125001, 0.125002, 0.125002, 0.125002, 
16960, 0.124999, 0.124998, 0.125, 0.125, 0.125001, 0.125001, 0.125001, 0.125, 
16980, 0.125, 0.125001, 0.125001, 0.125, 0.125, 0.124999, 0.124999, 0.124999, 
17000, 0.125001, 0.125001, 0.125, 0.125, 0.124998, 0.125, 0.124999, 0.124999, 
17020, 0.125001, 0.125001, 0.125, 0.125, 0.125001, 0.124999, 0.124999, 0.125, 
17040, 0.124997, 0.124997, 0.124999, 0.125, 0.125001, 0.125001, 0.125002, 0.125003, 
17060, 0.125, 0.125001, 0.125, 0.124999, 0.125, 0.125001, 0.125, 0.125, 
17080, 0.124999, 0.124999, 0.124999, 0.124999, 0.125001, 0.125001, 0.125001, 0.125001, 
17100, 0.124999, 0.124999, 0.124999, 0.125, 0.124999, 0.125001, 0.125002, 0.125001, 
17120, 0.125001, 0.125001, 0.125, 0.125, 0.125, 0.124999, 0.125, 0.125, 
17140, 0.125, 0.125, 0.125, 0.125, 0.125, 0.125, 0.125, 0.125, 
17160, 0.125, 0.125, 0.125001, 0.124999, 0.125, 0.125, 0.125, 0.125, 
17180, 0.124998, 0.124997, 0.124998, 0.125001, 0.125001, 0.125001, 0.125002, 0.125002, 
17200, 0.125, 0.125001, 0.125001, 0.124999, 0.124999, 0.125, 0.125, 0.125, 
17220, 0.125, 0.125, 0.124999, 0.125, 0.125001, 0.125, 0.125001, 0.125, 
17240, 0.125, 0.125, 0.125, 0.125, 0.125, 0.125, 0.125, 0.125, 
17260, 0.124999, 0.124999, 0.124999, 0.125, 0.125, 0.125001, 0.125001, 0.125001, 
17280, 0.124999, 0.124999, 0.125, 0.125, 0.125, 0.125, 0.125001, 0.125001, 
17300, 0.124999, 0.125, 0.124999, 0.125, 0.125, 0.125, 0.125, 0.125001, 
17320, 0.124999, 0.124999, 0.124999, 0.124999, 0.125001, 0.125001, 0.125002, 0.125002, 
17340, 0.125, 0.124999, 0.124999, 0.125, 0.125, 0.125001, 0.125001, 0.125001, 
17360, 0.125, 0.125, 0.125, 0.125001, 0.124999, 0.125, 0.125, 0.125, 
17380, 0.125001, 0.125, 0.125001, 0.125, 0.125, 0.124999, 0.125, 0.125, 
17400, 0.124998, 0.124998, 0.124998, 0.125001, 0.125001, 0.125001, 0.125001, 0.125001, 
17420, 0.125, 0.125, 0.125002, 0.125, 0.124999, 0.124999, 0.124999, 0.124999, 
17440, 0.124999, 0.125, 0.125, 0.125, 0.125, 0.125001, 0.125, 0.125001, 
17460, 0.125, 0.124999, 0.124999, 0.125, 0.125, 0.125, 0.125001, 0.125001, 
17480, 0.125001, 0.125, 0.125001, 0.125, 0.125, 0.124999, 0.124999, 0.124999, 
17500, 0.125, 0.125, 0.125, 0.125, 0.125, 0.125, 0.125, 0.125, 
17520, 0.124999, 0.124999, 0.125, 0.125, 0.125001, 0.125001, 0.125, 0.125001, 
17540, 0.125, 0.125, 0.125, 0.125001, 0.124999, 0.125, 0.125, 0.125, 
17560, 0.124999, 0.124999, 0.124999, 0.125, 0.125001, 0.125001, 0.125001, 0.125001, 
17580, 0.124999, 0.124999, 0.124999, 0.125, 0.125, 0.125, 0.125001, 0.125001, 
17600, 0.125, 0.125, 0.125001, 0.125, 0.125, 0.125, 0.125, 0.125, 
17620, 0.125, 0.125, 0.125, 0.125, 0.125, 0.125, 0.125, 0.125, 
17640, 0.125, 0.125, 0.125, 0.125, 0.125, 0.125, 0.125, 0.125, 
17660, 0.125, 0.125, 0.125, 0.125, 0.125, 0.125, 0.125, 0.125, 
17680, 0.125, 0.125, 0.125, 0.125, 0.124999, 0.125, 0.125, 0.125, 
17700, 0.125, 0.125001, 0.125001, 0.125, 0.125, 0.125, 0.124999, 0.124999, 
17720, 0.125, 0.125, 0.125, 0.125, 0.125, 0.125, 0.125, 0.125, 
17740, 0.125, 0.125, 0.125, 0.125, 0.125, 0.125, 0.125, 0.125, 
17760, 0.125, 0.125, 0.125, 0.125, 0.125, 0.125, 0.125, 0.125001, 
17780, 0.125, 0.125, 0.125, 0.12