0
0
0
0
0
0
0
0
0
0
0
0
0
0
0
0
0
0
0
0
0
0
0
0
0
0
0
0
0
0
0
0
0
0
0
0
0
0
0
0
0
0
0
0
0
3586.1
2447.63
0
0
3586.1
2447.63
0
3586.1
2447.63
3586.1
2447.63
2332.61
2332.61
2332.61
2332.61
2332.61
1599.58
1276.98
1265.08
1265.08
2332.61
2332.61
1599.58
1276.98
1265.08
1265.08
1207.17
2332.61
2332.61
1599.58
1276.98
1265.08
1265.08
1207.17
2332.61
2332.61
2332.61
1599.58
1276.98
1265.08
1265.08
1231.66
1231.66
1207.17
1231.66
1231.66
1231.66
1153.09
1153.09
1231.66
1153.09
1153.09
1153.09
1207.17
1231.66
1231.66
1153.09
1087.84
1079.7
1087.84
1087.84
1079.7
1087.84
1153.09
1087.84
1079.7
1087.84
1153.09
1087.84
1079.7
1087.84
1087.4
1087.4
1087.4
1032.1
1032.1
1032.1
1087.4
1032.1
818.739
810.81
807.329
807.329
684.395
697.872
697.872
646.675
646.675
646.675
627.204
627.204
818.739
810.81
807.329
807.329
684.395
697.872
697.872
646.675
646.675
646.675
627.204
627.204
627.204
818.739
810.81
807.329
807.329
684.395
697.872
697.872
646.675
646.675
646.675
627.204
627.204
627.204
818.739
810.81
807.329
807.329
684.395
697.872
697.872
646.675
646.675
646.675
627.204
627.204
627.204
627.204
633.159
633.159
633.159
633.159
633.159
621.674
621.441
622.621
591.689
595.052
602.932
602.932
567.591
580.672
575.813
572.16
572.16
570.885
633.159
621.674
621.441
622.621
591.689
595.052
602.932
602.932
567.591
580.672
575.813
572.16
572.16
570.885
633.159
621.674
621.441
622.621
591.689
595.052
602.932
602.932
567.591
580.672
575.813
572.16
572.16
570.885
633.159
621.674
621.441
622.621
591.689
595.052
602.932
602.932
567.591
580.672
575.813
572.16
572.16
570.885
549.825
549.825
549.825
549.825
533.412
533.412
533.412
533.412
549.633
524.834
508.486
515.273
502.403
485.654
485.654
485.654
480.408
449.094
533.412
533.412
533.412
533.412
549.633
524.834
508.486
515.273
502.403
485.654
485.654
485.654
480.408
449.094
533.412
533.412
533.412
533.412
549.633
524.834
508.486
515.273
502.403
485.654
485.654
485.654
480.408
449.094
533.412
533.412
533.412
533.412
549.633
524.834
508.486
515.273
502.403
485.654
485.654
485.654
480.408
449.094
433.4
433.4
442.628
425.265
425.265
397.132
412.476
414.216
399.837
390.65
390.65
376.688
433.4
433.4
442.628
425.265
425.265
397.132
412.476
414.216
399.837
390.65
390.65
376.688
374.394
433.4
433.4
442.628
425.265
425.265
397.132
412.476
414.216
399.837
390.65
390.65
376.688
374.394
374.394
374.394
433.4
433.4
442.628
425.265
425.265
397.132
412.476
414.216
399.837
390.65
390.65
376.688
374.394
374.394
374.394
374.394
374.394
374.394
374.394
374.394
394.017
394.017
394.017
384.734
377.265
377.265
367.932
360.469
343.808
343.808
327.801
327.801
361.802
354.904
356.525
340.181
394.017
394.017
384.734
377.265
377.265
367.932
360.469
343.808
343.808
327.801
327.801
394.017
394.017
384.734
377.265
377.265
367.932
360.469
343.808
343.808
327.801
327.801
361.802
354.904
356.525
340.181
394.017
361.802
354.904
384.734
356.525
377.265
340.181
377.265
367.932
360.469
343.808
343.808
327.801
327.801
361.802
354.904
356.525
340.181
324.955
324.955
324.955
324.955
311.055
328.777
329.408
327.888
320.651
320.651
309.226
298.666
292.985
278.145
324.955
324.955
311.055
328.777
329.408
327.888
320.651
320.651
309.226
298.666
292.985
278.145
324.955
324.955
324.955
311.055
328.777
329.408
327.888
320.651
320.651
309.226
298.666
292.985
278.145
278.145
324.955
278.145
278.145
324.955
278.145
324.955
278.145
311.055
278.145
328.777
329.408
327.888
320.651
320.651
309.226
298.666
292.985
278.145
278.145
278.145
284.549
284.549
291.232
297.503
295.851
291.232
297.503
284.549
291.232
297.503
295.851
295.851
285.274
284.549
285.274
285.274
265.878
265.878
265.878
265.878
291.232
265.878
297.503
265.878
265.878
265.878
295.851
236.119
236.119
285.274
265.878
265.878
236.392
236.119
265.878
258.774
236.392
236.392
265.878
236.119
236.392
258.774
250.788
258.859
258.774
250.788
258.859
258.859
250.935
250.788
258.859
258.859
250.935
258.774
250.788
258.859
258.859
250.935
258.859
250.935
257.059
257.059
248.549
254.124
257.059
257.059
248.549
257.059
257.059
248.549
257.059
257.059
248.549
254.124
243.047
236.455
236.455
220.13
243.047
236.455
236.455
220.13
213.457
213.457
213.457
213.457
254.124
243.047
236.455
236.455
220.13
213.457
213.457
213.457
254.124
243.047
236.455
236.455
220.13
213.457
213.457
213.457
213.457
213.457
213.457
213.457
227.579
228.42
215.611
213.457
227.579
228.42
215.611
213.457
227.579
228.42
215.611
227.579
228.42
215.611
217.177
217.177
217.177
217.177
215.473
200.857
205.373
205.373
205.373
202.694
189.345
195.832
195.832
191.54
198.717
198.717
196.542
196.121
215.473
200.857
205.373
205.373
205.373
202.694
189.345
195.832
195.832
191.54
198.717
198.717
196.542
196.121
215.473
200.857
205.373
205.373
205.373
202.694
189.345
195.832
195.832
191.54
198.717
198.717
196.542
196.121
215.473
200.857
205.373
205.373
205.373
202.694
189.345
195.832
195.832
191.54
198.717
198.717
196.542
196.121
187.964
187.964
192.288
187.964
192.288
187.964
192.288
189.929
186.047
186.047
177.706
177.706
177.706
190.975
168.251
168.251
168.251
166.778
155.302
155.302
189.929
186.047
186.047
177.706
177.706
177.706
190.975
168.251
168.251
168.251
189.929
186.047
186.047
177.706
177.706
177.706
190.975
168.251
168.251
168.251
192.288
166.778
166.778
189.929
155.302
186.047
155.302
186.047
155.302
155.302
177.706
177.706
177.706
190.975
168.251
168.251
168.251
166.778
155.302
155.302
155.302
155.302
151.511
155.302
151.511
155.302
151.511
151.511
151.511
150.295
149.268
151.511
150.295
149.268
151.511
150.295
149.268
151.511
150.295
149.268
151.511
151.511
151.511
151.511
151.511
151.511
151.511
151.511
151.511
133.327
151.511
133.327
133.327
151.511
133.327
133.327
151.511
133.327
133.327
133.327
133.327
133.327
133.327
133.327
133.327
133.327
133.327
133.327
133.327
133.327
133.327
133.327
133.327
133.327
133.327
133.327
133.327
133.327
133.327
133.327
133.327
133.327
133.327
133.327
133.327
133.327
133.327
133.327
133.614
121.795
121.795
133.614
121.795
121.795
133.614
121.795
121.795
133.614
121.795
121.795
121.795
121.795
121.795
119.826
119.826
119.826
119.826
119.826
121.795
121.795
119.826
121.795
121.795
121.795
121.795
117.332
118.702
131.761
130.423
121.795
121.795
117.332
118.702
131.761
130.423
121.795
117.332
118.702
131.761
130.423
121.795
119.826
119.826
121.795
121.795
121.795
117.332
118.702
131.761
130.423
123.609
123.609
123.609
123.609
113.472
113.472
97.9122
97.9122
97.9122
110.936
109.988
115.289
115.289
102.958
113.472
113.472
97.9122
97.9122
97.9122
110.936
109.988
115.289
115.289
102.958
102.958
113.472
113.472
97.9122
97.9122
97.9122
110.936
109.988
115.289
115.289
102.958
102.958
113.472
113.472
97.9122
97.9122
97.9122
110.936
109.988
115.289
115.289
102.958
102.958
102.958
102.958
102.958
102.958
102.958
102.958
102.958
102.958
102.958
102.958
102.958
102.958
102.958
102.958
102.958
106.723
106.723
92.623
102.958
102.958
106.723
106.723
92.623
92.623
102.958
102.958
106.723
106.723
92.623
92.623
102.958
102.958
106.723
106.723
92.623
92.623
92.623
102.421
102.421
100.265
97.0905
96.0467
96.0467
96.0467
96.0467
92.623
102.421
102.421
100.265
97.0905
96.0467
96.0467
92.623
102.421
102.421
100.265
97.0905
96.0467
96.0467
92.623
96.0467
96.0467
92.623
96.0467
96.0467
102.421
102.421
100.265
97.0905
96.0467
96.0467
96.0467
96.0467
97.0203
97.0203
97.0203
103.046
101.203
99.7164
84.6248
94.4657
90.7587
76.8459
76.8459
87.6891
87.6891
103.046
101.203
99.7164
84.6248
94.4657
90.7587
76.8459
76.8459
87.6891
87.6891
90.6233
90.6233
75.0332
76.2367
103.046
101.203
99.7164
84.6248
94.4657
90.7587
76.8459
76.8459
87.6891
87.6891
90.6233
90.6233
97.0203
90.6233
90.6233
103.046
75.0332
75.0332
101.203
76.2367
76.2367
99.7164
84.6248
94.4657
90.7587
76.8459
76.8459
87.6891
87.6891
90.6233
90.6233
75.0332
76.2367
76.2367
76.2367
78.737
76.2367
78.737
76.2367
78.737
78.737
78.737
78.737
78.737
77.5403
78.737
78.737
78.737
77.5403
78.737
78.737
78.737
77.5403
78.737
78.737
78.737
77.5403
74.7009
69.1024
71.1365
74.4033
74.4033
59.4996
59.4996
59.4996
75.9423
74.7009
69.1024
71.1365
74.4033
74.4033
59.4996
59.4996
59.4996
75.9423
74.7009
69.1024
71.1365
74.4033
74.4033
59.4996
59.4996
59.4996
75.9423
74.7009
69.1024
71.1365
74.4033
74.4033
59.4996
59.4996
59.4996
75.9423
75.9423
75.9423
75.2522
75.9423
75.2522
75.9423
75.2522
60.142
64.4855
64.4855
64.4855
61.7939
61.7939
51.3415
51.3415
68.222
68.222
68.222
57.9469
57.9469
60.142
64.4855
64.4855
64.4855
61.7939
61.7939
51.3415
51.3415
68.222
68.222
60.142
64.4855
64.4855
64.4855
61.7939
61.7939
51.3415
51.3415
68.222
68.222
75.2522
68.222
60.142
68.222
57.9469
64.4855
57.9469
57.9469
64.4855
57.9469
64.4855
61.7939
61.7939
51.3415
51.3415
68.222
68.222
68.222
57.9469
57.9469
57.9469
59.4126
54.8957
57.9469
59.4126
54.8957
60.3106
57.9469
59.4126
54.8957
57.9469
59.4126
54.8957
60.3106
60.3106
60.3106
60.3106
53.1177
60.3207
57.4356
62.0066
62.0066
66.4469
65.4468
60.3106
53.1177
60.3207
57.4356
62.0066
53.1177
60.3207
57.4356
62.0066
62.0066
62.0066
60.3106
60.3106
53.1177
60.3207
67.0974
66.0017
66.0017
66.4469
65.4468
67.0974
66.4469
65.4468
67.0974
66.0017
66.0017
57.4356
66.0017
66.0017
62.0066
62.0066
66.4469
65.4468
67.0974
66.0017
66.0017
66.9579
66.9579
66.9579
66.9579
44.2629
70.7881
55.781
44.2629
70.7881
55.781
44.2629
70.7881
55.781
44.2629
70.7881
55.781
55.781
55.781
55.781
59.4744
61.4219
54.7689
54.7689
59.4744
61.4219
54.7689
54.7689
54.7689
55.781
59.4744
61.4219
54.7689
54.7689
59.4744
61.4219
54.7689
54.7689
54.7689
49.314
54.7689
49.314
54.7689
49.314
49.314
54.7689
50.4493
49.314
54.7689
50.4493
62.6879
49.314
49.314
54.7689
50.4493
49.314
54.7689
50.4493
62.6879
62.6879
62.6879
63.4323
63.4323
52.4301
63.4323
52.4301
63.4323
52.4301
45.0774
45.0774
46.763
45.0774
45.0774
46.763
46.763
45.0774
45.0774
46.763
52.4301
45.0774
46.763
46.763
46.6812
46.763
45.0774
46.763
46.763
46.763
46.6812
47.1511
47.1511
47.1511
46.763
46.6812
47.1511
47.1511
47.1511
47.1511
47.1511
56.0592
47.1511
47.1511
47.1511
47.1511
47.1511
56.0592
46.9137
46.763
46.6812
47.1511
47.1511
47.1511
47.1511
47.1511
56.0592
47.1511
46.9137
46.9137
47.1511
56.0592
46.9137
46.9137
46.9137
46.9137
46.9137
46.9137
58.3593
43.6591
43.6591
43.6591
43.6591
46.9401
50.3043
54.6377
50.2431
47.1414
47.1414
40.6596
40.876
46.9137
58.3593
43.6591
43.6591
43.6591
43.6591
46.9401
50.3043
54.6377
50.2431
47.1414
47.1414
40.6596
40.876
46.9137
58.3593
43.6591
43.6591
43.6591
43.6591
46.9401
50.3043
54.6377
50.2431
47.1414
47.1414
40.6596
40.876
46.9137
58.3593
43.6591
43.6591
43.6591
43.6591
46.9401
50.3043
54.6377
50.2431
47.1414
47.1414
40.6596
40.876
40.876
49.2268
42.9732
42.9732
32.1059
32.1059
32.1059
40.876
49.2268
42.9732
42.9732
32.1059
32.1059
32.1059
40.876
49.2268
42.9732
42.9732
32.1059
32.1059
32.1059
32.1059
40.876
49.2268
42.9732
42.9732
32.1059
32.1059
32.1059
32.1059
32.1059
38.8843
38.8843
32.1059
38.8843
38.8843
38.8843
38.8843
38.8843
47.3601
38.8843
38.8843
38.8843
38.8843
38.8843
47.3601
47.3601
38.8843
38.8843
38.8843
38.8843
47.3601
47.3601
38.8843
38.8843
38.8843
38.8843
47.3601
47.3601
47.3601
47.3601
47.3601
47.3601
47.3601
47.3601
47.8384
47.6089
47.6089
47.6089
46.1631
27.3575
27.3575
27.3575
27.3575
35.4282
30.3032
47.3601
47.3601
47.3601
47.8384
47.6089
47.6089
47.6089
46.1631
27.3575
27.3575
47.3601
47.3601
47.3601
47.3601
47.8384
47.6089
47.6089
47.6089
46.1631
27.3575
27.3575
47.3601
27.3575
27.3575
47.3601
27.3575
27.3575
47.3601
35.4282
35.4282
47.3601
30.3032
30.3032
47.8384
47.6089
47.6089
47.6089
46.1631
27.3575
27.3575
27.3575
27.3575
35.4282
30.3032
30.3032
30.3032
30.3032
30.3032
30.3032
30.3032
30.3032
30.3032
30.3032
30.3032
38.1537
38.1537
38.8184
30.3032
38.1537
38.1537
30.3032
38.1537
38.1537
38.1537
38.1537
38.8184
45.265
45.265
45.265
45.265
45.265
45.265
45.265
44.9037
38.8184
45.265
45.265
45.265
45.265
44.9037
38.8184
45.265
45.265
45.265
45.265
44.9037
45.265
44.9037
44.9037
45.3633
44.9037
45.3633
37.4169
42.595
44.9037
45.3633
37.4169
42.595
44.9037
45.3633
37.4169
42.595
37.4169
42.595
42.595
42.595
42.595
42.595
46.1534
38.3858
45.6802
41.6698
41.6698
44.6263
41.3241
36.8062
41.3241
42.595
46.1534
38.3858
45.6802
41.6698
41.6698
44.6263
41.3241
36.8062
41.3241
42.2934
45.2082
45.2082
45.2082
42.595
46.1534
38.3858
45.6802
41.6698
41.6698
44.6263
41.3241
36.8062
41.3241
42.595
42.2934
42.2934
42.595
45.2082
45.2082
46.1534
45.2082
45.2082
38.3858
45.2082
45.2082
45.6802
41.6698
41.6698
44.6263
41.3241
36.8062
41.3241
42.2934
45.2082
45.2082
45.2082
46.2525
46.2525
46.2525
54.7146
54.7146
54.7146
46.2525
54.7146
46.721
45.2024
40.0936
18.8558
46.721
45.2024
40.0936
18.8558
18.8558
23.9336
46.721
45.2024
40.0936
18.8558
18.8558
23.9336
46.721
45.2024
40.0936
18.8558
18.8558
23.9336
18.8558
23.9336
23.9336
23.9336
23.9336
34.6762
34.6762
23.9336
23.9336
23.9336
34.6762
34.6762
46.4111
46.4111
23.9336
23.9336
23.9336
34.6762
34.6762
46.4111
46.4111
23.9336
23.9336
23.9336
34.6762
34.6762
46.4111
46.4111
46.4111
46.4111
46.4111
46.4111
46.4111
46.4111
46.4111
35.5212
35.5212
35.5212
46.4111
46.4111
35.5212
35.5212
35.5212
46.4111
46.4111
35.5212
35.5212
35.5212
39.563
30.3465
38.4452
46.4111
46.4111
46.4111
35.5212
35.5212
35.5212
39.563
30.3465
38.4452
44.7671
44.7671
31.6164
39.563
30.3465
38.4452
44.7671
44.7671
31.6164
44.7671
44.7671
31.6164
36.5315
36.5315
39.563
36.5315
36.5315
35.3227
30.3465
36.5315
36.5315
38.4452
35.3227
35.3227
44.7671
44.7671
31.6164
36.5315
36.5315
35.3227
35.3227
35.3227
35.3227
35.3227
36.5315
36.5315
36.5315
36.5315
33.6792
33.6792
33.6792
33.6792
33.6792
33.6792
36.5315
33.6792
33.6792
36.5315
33.6792
33.6792
36.5315
37.36
33.6792
33.6792
36.5315
37.36
37.36
37.36
37.1155
37.1155
37.1155
37.1155
40.0931
46.0286
46.0286
37.1155
40.0931
46.0286
46.0286
46.6296
37.1155
40.0931
46.0286
46.0286
46.6296
35.0574
37.1155
37.1155
46.6296
35.0574
35.0574
35.0574
35.0574
40.0931
35.0574
46.0286
46.0286
46.6296
35.0574
35.0574
45.5278
45.5278
46.6296
39.3449
39.3449
39.3449
39.3449
40.0102
40.0102
37.4808
40.9608
45.5278
45.5278
46.6296
39.3449
39.3449
39.3449
39.3449
40.0102
40.0102
37.4808
40.9608
45.5278
45.5278
46.6296
39.3449
39.3449
39.3449
39.3449
40.0102
40.0102
37.4808
40.9608
41.3114
39.9513
39.9513
39.9513
45.5278
41.3114
41.3114
45.5278
39.9513
39.9513
46.6296
39.9513
39.9513
39.3449
39.9513
39.9513
39.3449
39.3449
39.3449
40.0102
40.0102
37.4808
40.9608
41.3114
39.9513
39.9513
39.9513
41.9051
41.9051
41.9051
41.9051
43.9777
43.9777
43.9777
43.9777
20.0464
43.9777
43.9777
20.0464
43.9777
43.9777
20.0464
20.0464
20.0464
20.0464
20.0464
20.0464
20.0464
20.0464
20.0464
20.0464
20.0464
20.0464
42.8765
20.0464
20.0464
20.0464
42.8765
20.0464
42.8765
42.8765
42.8765
35.9055
42.8765
35.9055
20.0464
35.9055
35.9055
20.0464
35.9055
42.8765
35.9055
42.8765
35.9055
42.8765
42.8765
42.8765
42.8765
35.9055
35.9055
35.9055
35.9055
35.9055
35.9055
35.9055
35.9055
35.9055
44.2242
44.2242
42.5052
44.2242
42.5052
44.2242
42.5052
42.5052
38.5326
38.5326
38.5326
38.5326
38.5326
38.5326
36.0633
36.0633
36.0633
36.0633
36.0633
36.0633
36.0633
36.0633
38.5326
38.5326
36.0633
36.0633
36.0633
36.0633
36.0633
36.0633
36.0633
36.0633
36.0633
36.0633
36.0633
37.185
38.9182
38.9182
38.9182
37.185
38.9182
38.9182
38.9182
41.0242
41.3344
36.0633
37.185
38.9182
38.9182
38.9182
37.185
38.9182
38.9182
38.9182
41.0242
41.3344
41.0242
41.0242
41.3344
41.3344
42.3645
42.4922
42.3645
42.4922
42.4922
42.3645
42.4922
42.4922
42.3645
42.4922
42.4922
42.4304
38.5849
38.5849
38.5849
46.738
32.7284
34.9272
41.7603
33.0262
42.4304
38.5849
38.5849
38.5849
46.738
32.7284
42.4304
38.5849
38.5849
38.5849
46.738
32.7284
34.9272
34.9272
42.4922
42.4304
38.5849
38.5849
33.0262
33.0262
33.0262
41.7603
33.0262
33.0262
41.7603
33.0262
33.0262
38.5849
46.738
33.0262
33.0262
33.0262
33.0262
32.7284
34.9272
41.7603
33.0262
33.0262
33.0262
33.0262
25.9784
25.9784
25.9784
25.9784
25.9784
25.9784
25.9784
25.9784
25.9784
25.9784
40.8021
25.9784
25.9784
40.8021
25.9784
25.9784
40.8021
25.9784
25.9784
40.8021
32.5056
32.5056
32.5056
32.5056
32.5056
27.6392
32.5056
32.9039
32.5056
27.6392
32.5056
32.9039
32.9039
37.0963
32.5056
27.6392
32.5056
32.9039
32.9039
37.0963
32.5056
27.6392
32.5056
32.9039
32.9039
37.0963
37.0963
37.0963
32.9039
37.0963
37.0963
37.0963
37.0963
41.1066
37.0963
41.1066
37.0963
41.1066
37.0963
41.1066
47.6183
46.5378
37.6731
37.6731
37.6731
41.9237
41.9237
41.9237
42.179
42.179
42.179
47.6183
46.5378
37.6731
37.6731
37.6731
41.9237
41.9237
41.9237
42.179
42.179
42.179
27.6331
38.7351
38.7351
38.7351
47.6183
46.5378
37.6731
37.6731
37.6731
41.9237
41.9237
41.9237
42.179
42.179
42.179
47.6183
27.6331
27.6331
46.5378
38.7351
38.7351
37.6731
38.7351
38.7351
37.6731
38.7351
38.7351
37.6731
41.9237
41.9237
41.9237
42.179
42.179
42.179
27.6331
38.7351
38.7351
38.7351
41.0218
41.0218
41.0218
41.0218
41.0218
41.0218
40.8625
41.0218
34.4556
34.4556
40.8625
41.0218
34.4556
34.4556
34.4556
41.0218
40.8625
41.0218
34.4556
34.4556
34.4556
41.0218
40.8625
41.0218
34.4556
34.4556
34.4556
25.4339
44.3179
43.8758
41.7592
25.4339
44.3179
43.8758
41.7592
43.8758
25.4339
44.3179
43.8758
41.7592
43.8758
34.4556
25.4339
44.3179
43.8758
41.7592
36.8728
43.8758
36.8728
36.8728
43.8758
36.8728
36.8728
36.8728
36.8728
36.8728
36.8728
36.8728
36.8728
36.8728
36.8728
44.5774
42.7908
42.7908
39.5857
39.5857
36.5939
36.5939
41.694
41.694
33.2394
33.2394
34.0907
34.0907
36.8728
44.5774
42.7908
42.7908
39.5857
39.5857
36.5939
36.5939
41.694
41.694
36.8728
44.5774
42.7908
42.7908
39.5857
39.5857
36.5939
36.5939
41.694
41.694
36.8728
44.5774
42.7908
34.0907
33.2394
33.2394
33.2394
33.2394
42.7908
39.5857
34.0907
34.0907
34.0907
34.0907
34.0907
34.0907
39.5857
36.5939
36.5939
41.694
41.694
33.2394
33.2394
34.0907
34.0907
34.0907
34.0907
34.0907
34.0907
34.0907
34.0907
34.0907
34.0907
34.0907
35.1373
37.3876
31.7037
31.7037
35.1373
37.3876
31.7037
31.7037
31.7037
31.7037
35.1373
37.3876
31.7037
31.7037
31.7037
35.1373
37.3876
31.7037
31.7037
31.7037
31.7037
31.7037
31.7037
31.7037
31.1141
40.9904
31.0073
38.3343
38.3343
31.7037
31.1141
40.9904
31.0073
38.3343
38.3343
31.0395
31.7037
31.7037
31.1141
40.9904
31.0073
38.3343
38.3343
31.0395
31.7037
31.1141
40.9904
31.0073
38.3343
38.3343
31.0395
31.0395
31.5917
31.5917
31.5917
31.5917
32.4485
32.4485
32.4485
37.506
35.2715
38.3091
38.523
38.523
38.523
38.523
38.523
32.4485
32.4485
32.4485
37.506
35.2715
38.3091
38.523
38.523
38.523
38.523
38.523
32.4485
32.4485
32.4485
37.506
35.2715
38.3091
38.523
38.523
38.523
38.523
38.523
32.4485
32.4485
32.4485
37.506
35.2715
38.3091
38.523
38.523
38.523
38.523
38.523
27.7906
27.7906
27.7906
27.7906
27.7906
27.7906
27.7906
27.7906
27.7906
27.7906
27.7906
27.7906
27.7906
27.7906
27.7906
27.7906
27.7906
27.7906
27.7906
27.7906
39.4597
39.4597
39.4597
39.4597
42.1451
42.1451
42.2964
32.8377
42.1451
42.1451
42.2964
32.8377
42.1451
42.1451
42.2964
32.8377
32.8377
42.1451
42.1451
42.2964
32.8377
32.8377
32.8377
32.8377
32.8377
32.8377
43.3508
32.8377
32.8377
32.8377
32.8377
43.3508
45.5893
32.8377
32.8377
32.8377
43.3508
45.5893
32.8377
32.8377
32.8377
43.3508
45.5893
45.5893
34.9018
34.9018
34.9018
34.9018
34.9018
34.9018
34.9018
34.9018
34.9018
34.9018
40.916
34.9018
40.916
34.9018
40.916
36.9987
36.9987
36.9987
40.916
36.9987
45.9665
49.3368
34.557
34.557
34.557
34.557
45.9665
49.3368
34.557
34.557
34.557
34.557
34.557
45.9665
49.3368
34.557
34.557
34.557
34.557
34.557
45.9665
49.3368
34.557
34.557
34.557
34.557
34.557
34.557
34.557
34.557
40.2024
40.2024
34.557
34.557
40.2024
40.2024
40.2024
34.557
34.557
40.2024
40.2024
40.2024
34.557
34.557
40.2024
40.2024
40.2024
40.2024
37.0009
35.3866
39.032
39.032
44.6303
37.0009
35.3866
39.032
39.032
37.0009
35.3866
39.032
39.032
37.0009
35.3866
39.032
39.032
44.6303
44.6303
44.6303
47.6882
38.9074
44.6303
44.6303
47.6882
38.9074
32.2451
35.2031
29.8897
29.8897
44.6303
44.6303
44.6303
47.6882
38.9074
32.2451
35.2031
29.8897
44.6303
44.6303
44.6303
47.6882
38.9074
32.2451
35.2031
29.8897
32.2451
35.2031
29.8897
35.5124
35.5124
29.8897
35.5124
35.5124
29.8897
35.5124
35.5124
29.8897
35.5124
35.5124
35.5124
35.5124
35.5124
36.189
19.6347
30.1406
35.5124
35.5124
35.5124
36.189
19.6347
30.1406
35.5124
35.5124
35.5124
36.189
19.6347
30.1406
35.5124
35.5124
35.5124
36.189
19.6347
30.1406
38.7319
38.7319
38.7319
40.6607
27.3901
38.7319
40.6607
27.3901
40.6607
27.3901
27.3901
40.6607
27.3901
27.3901
27.3901
41.5255
36.7707
36.7707
41.5255
36.7707
36.7707
40.5425
41.5255
36.7707
36.7707
40.5425
40.5425
30.3129
30.3129
30.3129
27.3901
41.5255
36.7707
36.7707
40.5425
30.3129
30.3129
30.3129
30.3129
28.5984
28.5984
28.5984
40.9368
28.5984
28.5984
28.5984
40.9368
43.5692
28.5984
28.5984
28.5984
40.9368
30.3129
28.5984
43.5692
43.5692
28.5984
28.5984
40.9368
43.5692
38.7644
38.7644
37.9011
38.4401
38.4401
47.7624
38.7644
37.9011
38.4401
38.4401
47.7624
38.7644
37.9011
38.4401
38.4401
47.7624
47.7624
47.7624
37.9011
38.4401
38.4401
47.7624
47.7624
37.1474
41.7454
47.7624
47.7624
37.1474
41.7454
47.7624
37.1474
41.7454
47.7624
47.7624
37.1474
41.7454
36.0909
36.0909
36.0909
39.3066
34.2626
39.3066
34.2626
39.3066
34.2626
36.0909
39.3066
34.2626
34.2626
39.5879
42.1175
34.2626
39.5879
42.1175
27.6242
27.6242
34.2626
39.5879
42.1175
27.6242
27.6242
34.2626
39.5879
42.1175
27.6242
27.6242
27.6242
27.6242
27.6242
27.6242
35.8193
33.5233
33.5233
29.7375
27.6242
35.8193
33.5233
33.5233
29.7375
34.9248
34.9248
35.8193
33.5233
33.5233
29.7375
34.9248
34.9248
27.6242
35.8193
33.5233
33.5233
29.7375
34.9248
34.9248
34.9248
34.9248
26.4144
26.4144
26.4144
26.4144
34.9248
37.451
32.794
35.534
35.534
35.534
33.337
33.337
26.4144
34.9248
37.451
32.794
35.534
35.534
35.534
33.337
33.337
25.0735
25.0735
25.0735
36.4574
36.4574
26.4144
34.9248
37.451
32.794
35.534
35.534
35.534
33.337
33.337
26.4144
25.0735
25.0735
26.4144
25.0735
25.0735
34.9248
25.0735
25.0735
37.451
36.4574
36.4574
32.794
36.4574
36.4574
35.534
35.534
35.534
33.337
33.337
25.0735
25.0735
25.0735
36.4574
36.4574
35.9174
32.7804
32.7804
32.7804
32.7804
32.7804
31.1122
35.9174
35.9174
37.4535
34.7615
35.9174
32.7804
32.7804
32.7804
32.7804
32.7804
31.1122
35.9174
35.9174
37.4535
34.7615
35.9174
32.7804
32.7804
32.7804
32.7804
32.7804
31.1122
35.9174
35.9174
37.4535
34.7615
35.9439
30.6578
30.6578
40.3935
35.9174
35.9439
35.9439
32.7804
30.6578
30.6578
32.7804
30.6578
30.6578
32.7804
40.3935
40.3935
32.7804
32.7804
31.1122
35.9174
35.9174
37.4535
34.7615
35.9439
30.6578
30.6578
40.3935
40.3935
40.3935
40.3935
40.3935
36.7014
40.3935
36.7014
36.7014
40.3935
36.7014
40.3935
40.3935
36.7014
36.7014
36.7014
36.7014
36.7014
36.7014
36.7014
36.7014
36.7014
36.7014
36.7014
36.7014
36.7014
34.3767
34.3767
36.6723
36.7014
36.7014
36.7014
36.7014
36.7014
34.3767
34.3767
36.6723
36.6723
36.7014
36.7014
36.7014
36.7014
36.7014
36.7014
34.3767
34.3767
36.6723
34.3767
34.3767
36.6723
36.6723
36.6723
36.6723
36.6723
36.6723
36.6723
36.6723
36.6723
36.6723
36.6723
36.6723
42.7789
36.0328
42.7789
36.0328
19.6685
42.7789
36.0328
19.6685
42.7789
36.0328
19.6685
19.6685
19.6685
19.6685
19.6685
19.6685
19.6685
19.6685
19.6685
19.6685
19.6685
19.6685
19.6685
19.6685
19.6685
19.6685
19.6685
19.6685
45.3482
45.3482
45.1341
45.1341
40.1921
34.6565
45.3482
45.3482
45.1341
45.1341
40.1921
34.6565
34.6565
45.3482
45.3482
45.1341
45.1341
40.1921
34.6565
34.6565
45.3482
45.3482
45.1341
45.1341
40.1921
34.6565
34.6565
34.6565
39.7055
39.7055
39.7055
39.7055
39.7055
39.7055
31.0341
39.7055
31.0341
39.7055
31.0341
31.0341
30.4463
30.4463
30.4463
30.4463
30.4463
30.4463
30.4463
30.4463
30.4463
30.4463
30.4463
30.4463
30.4463
30.4463
30.4463
30.4463
30.4463
30.4463
30.4463
30.4463
30.4463
30.4463
30.4463
30.4463
36.3074
36.3074
37.9719
37.9719
37.9719
38.3352
37.9719
37.9719
37.9719
38.3352
38.5864
33.2485
36.3074
37.9719
37.9719
37.9719
38.3352
36.3074
37.9719
38.5864
38.5864
33.2485
37.9719
37.9719
33.2485
38.3352
38.5864
33.2485
33.2485
33.2485
33.2485
33.2485
33.2485
33.2485
32.7668
32.7668
32.7668
32.7668
37.5344
37.5344
31.8521
31.6893
31.8521
31.8521
31.8521
33.2485
32.7668
32.7668
37.5344
37.5344
31.8521
31.6893
37.5344
37.5344
31.8521
31.6893
31.8521
31.8521
31.8521
35.2758
35.2758
31.8521
31.8521
35.2758
35.2758
35.5896
35.5896
31.8521
35.2758
35.5896
33.2485
32.7668
35.5896
35.2758
35.5896
32.7668
35.5896
37.5344
37.5344
31.8521
31.6893
31.8521
31.8521
31.8521
35.2758
35.2758
35.5896
35.5896
33.0316
33.0316
32.5905
32.5905
33.0316
32.5905
32.5905
32.5905
32.5905
33.0316
32.5905
32.5905
33.0316
39.3445
43.2232
33.0316
39.3445
43.2232
36.5847
48.741
33.0316
39.3445
43.2232
36.5847
48.741
48.741
33.0316
39.3445
43.2232
36.5847
48.741
48.741
36.5847
48.741
48.741
48.741
43.3912
43.3912
43.3912
43.3912
43.3912
43.3912
43.3912
43.3912
43.3912
43.3912
43.3912
43.3912
43.3912
43.3912
43.3912
43.3912
43.3912
43.3912
43.3912
43.3912
40.4181
40.4181
40.4181
40.4181
43.3912
43.3912
43.3912
36.1242
36.1242
36.1242
43.3912
43.7494
43.7494
36.1242
43.7494
43.4335
33.7687
33.7687
33.7687
33.7687
37.0184
43.4335
33.7687
33.7687
33.7687
33.7687
37.0184
31.9569
43.7494
43.4335
33.7687
33.7687
33.7687
33.7687
37.0184
43.4335
33.7687
33.7687
33.7687
33.7687
37.0184
31.9569
31.9569
37.0184
37.0184
35.5519
35.5519
37.0184
37.0184
35.5519
35.5519
42.1685
31.9569
37.0184
37.0184
35.5519
35.5519
42.1685
37.0184
37.0184
35.5519
35.5519
42.1685
42.1685
43.6455
43.6455
34.3221
43.6455
34.3221
43.6455
34.3221
35.9169
35.9169
34.3221
35.9169
35.9169
37.3907
35.9169
37.3907
35.9169
37.3907
37.3907
35.9169
37.3907
37.3907
33.9762
37.3907
37.3907
33.9762
37.3907
37.3907
37.3907
33.9762
37.3907
37.3907
37.3907
35.9169
37.3907
37.3907
33.9762
37.3907
37.3907
37.3907
39.3755
39.3755
39.3755
39.3755
39.3755
39.3755
39.3755
39.3755
39.3755
39.3755
39.3755
39.3755
39.3755
39.3755
39.3755
37.3907
39.3755
39.3755
39.3755
39.3755
39.3755
43.2503
43.2503
43.2503
43.2503
43.2503
43.2503
43.2503
43.2503
43.2503
43.2503
43.4039
43.4039
43.2503
43.2503
43.4039
40.6341
40.6341
43.4039
40.6341
40.6341
40.6129
40.6341
40.6341
40.6129
40.8906
40.6341
40.6341
40.6129
40.8906
40.8906
40.6129
40.8906
40.8906
43.6769
43.6769
43.6769
40.8906
40.8906
43.6769
43.6769
43.6769
43.6769
43.6769
43.6769
43.66
23.902
43.2775
40.8906
43.6769
43.6769
43.6769
43.66
23.902
43.2775
43.66
43.66
23.902
23.902
43.2775
43.2775
28.8911
28.8911
28.8911
28.8911
38.4722
37.7138
37.7138
37.7138
38.4722
37.7138
37.7138
37.7138
38.4722
37.7138
37.7138
37.7138
38.4722
37.7138
37.7138
37.7138
37.7138
37.7138
38.4722
38.4722
38.4722
33.3897
38.4722
38.4722
38.4722
38.4722
38.4722
38.4722
33.3897
38.4722
38.4722
38.4722
37.7138
38.4722
38.4722
38.4722
33.3897
38.4722
38.4722
38.4722
32.3886
32.3886
37.7138
32.3886
32.3886
38.4722
32.3886
32.3886
38.4722
38.4722
33.3897
38.4722
38.4722
38.4722
32.3886
32.3886
37.2078
37.2078
37.2078
36.4827
36.4827
36.4827
36.4827
37.2078
36.4827
36.4827
36.4827
36.4827
28.4169
28.4169
28.4169
34.7418
34.7418
34.7418
35.279
28.4169
28.4169
28.4169
34.7418
34.7418
34.7418
35.279
40.1773
41.7472
28.4169
28.4169
28.4169
34.7418
34.7418
34.7418
35.279
40.1773
41.7472
28.4169
28.4169
28.4169
34.7418
34.7418
34.7418
35.279
40.1773
41.7472
40.1773
41.7472
41.7472
41.7472
43.8464
41.7472
43.8464
42.9825
41.7472
43.8464
43.8464
42.9825
42.9825
42.9825
46.7174
43.0694
43.0694
46.7174
43.0694
43.0694
46.7174
43.0694
43.0694
46.7174
40.388
40.388
43.0694
42.1073
43.0694
40.388
42.1073
43.0694
38.9759
42.1073
43.0694
38.9759
38.9759
38.9759
43.0694
38.9759
38.9759
38.9759
43.6771
40.388
42.1073
43.0694
38.9759
43.6771
38.9759
38.9759
43.6771
46.3435
33.5455
33.5455
46.3435
33.5455
33.5455
47.7228
44.5004
46.3435
33.5455
33.5455
47.7228
44.5004
38.9759
38.9759
43.6771
46.3435
33.5455
33.5455
47.7228
47.7228
44.5004
44.5004
44.4585
44.4585
44.4585
44.4585
44.4585
44.4585
44.4585
44.4585
44.4585
36.68
36.68
44.4585
44.4585
36.68
36.68
39.7312
44.4585
44.4585
36.68
36.68
44.4585
39.7312
39.7312
44.4585
39.7312
44.4585
36.68
36.68
39.7312
39.7312
39.7312
39.7312
39.7312
39.7312
29.2504
39.7312
29.2504
29.2504
29.2504
39.7312
39.7312
39.7312
29.2504
29.2504
39.7312
39.7312
29.2504
29.2504
29.2504
29.2504
29.2504
29.2504
29.2504
29.2504
29.2504
29.2504
29.2504
29.2504
29.2504
29.2504
29.2504
29.2504
39.2501
39.2501
39.2501
39.2501
32.9471
32.8885
32.8885
39.8463
39.8463
29.2504
29.2504
39.2501
39.2501
39.2501
39.2501
32.9471
32.8885
32.8885
39.8463
39.8463
39.8463
42.1793
42.1793
41.4212
29.2504
29.2504
39.2501
39.2501
39.2501
39.2501
32.9471
32.8885
32.8885
39.8463
39.8463
29.2504
39.8463
39.8463
29.2504
42.1793
42.1793
39.2501
42.1793
42.1793
39.2501
41.4212
41.4212
39.2501
39.2501
32.9471
32.8885
32.8885
39.8463
39.8463
39.8463
42.1793
42.1793
41.4212
41.8395
41.8395
41.8395
45.4164
43.5934
30.7033
30.7033
30.7033
30.7033
30.7033
30.7033
30.7033
30.7033
45.4164
43.5934
30.7033
30.7033
30.7033
30.7033
30.7033
30.7033
30.7033
30.7033
30.7033
30.7033
30.7033
45.4164
43.5934
30.7033
30.7033
30.7033
30.7033
30.7033
30.7033
30.7033
30.7033
41.8395
45.4164
30.7033
32.7642
30.7033
43.5934
30.7033
30.7033
30.7033
30.7033
32.7642
30.7033
30.7033
32.7642
30.7033
30.7033
30.7033
30.7033
30.7033
30.7033
30.7033
30.7033
30.7033
32.7642
32.7642
32.7642
32.7642
32.7642
32.7642
34.9452
34.9452
32.4697
32.4697
29.8932
29.8932
29.8932
47.1862
32.7642
32.7642
34.9452
34.9452
32.4697
32.4697
29.8932
29.8932
29.8932
47.1862
50.1386
38.6176
38.6176
38.6176
32.7642
32.7642
34.9452
34.9452
32.4697
32.4697
29.8932
29.8932
29.8932
47.1862
32.7642
50.1386
50.1386
32.7642
38.6176
38.6176
32.7642
34.9452
38.6176
38.6176
38.6176
38.6176
34.9452
32.4697
32.4697
29.8932
29.8932
29.8932
47.1862
50.1386
38.6176
38.6176
38.6176
47.1737
47.1737
47.1737
48.7692
30.3419
30.3419
30.3419
30.3419
30.3419
34.2838
34.2838
39.6632
35.272
48.7692
30.3419
30.3419
30.3419
30.3419
30.3419
34.2838
34.2838
39.6632
35.272
48.7692
30.3419
30.3419
30.3419
30.3419
30.3419
34.2838
34.2838
39.6632
35.272
35.272
34.9379
34.9379
34.9379
47.1737
35.272
35.272
48.7692
34.9379
34.9379
30.3419
34.9379
34.9379
30.3419
34.9379
34.9379
30.3419
30.3419
30.3419
34.2838
34.2838
39.6632
35.272
35.272
34.9379
34.9379
34.9379
34.9379
34.9379
34.9379
34.9379
41.5771
34.9379
41.5771
34.9379
41.5771
34.9379
34.9379
41.5771
36.4232
42.8599
36.4232
42.8599
42.1476
42.1476
42.1476
36.4232
42.8599
42.1476
42.1476
36.4232
42.8599
42.1476
42.1476
42.1476
42.1476
42.1476
42.1476
26.5078
26.5078
26.5078
26.5078
42.1476
26.5078
26.5078
26.5078
26.5078
26.5078
26.5078
26.5078
26.5078
26.5078
26.5078
26.5078
26.5078
35.9878
26.5078
26.5078
26.5078
26.5078
35.9878
35.9878
35.9878
35.9878
35.9878
35.9878
35.9878
35.4429
35.4429
35.4429
35.4429
20.7577
20.7577
20.7577
20.7577
20.7577
20.7577
20.7577
20.7577
20.7577
20.7577
48.9337
20.7577
48.9337
39.3389
20.7577
48.9337
39.3389
42.0292
42.0292
42.2749
42.2749
42.4397
45.6125
42.0292
42.0292
42.2749
42.2749
42.4397
45.6125
45.6125
39.3389
42.0292
42.0292
42.2749
42.2749
42.4397
45.6125
45.6125
41.3145
41.3145
48.9337
41.3145
45.6125
39.3389
41.3145
41.3145
42.0292
41.3145
42.0292
42.2749
42.2749
42.4397
45.6125
45.6125
41.3145
41.3145
33.5284
33.5284
33.5284
24.1691
24.1691
29.7103
29.7103
24.1691
28.2028
28.2028
29.7103
17.1322
17.1322
28.2028
17.1322
17.1322
33.5284
24.1691
29.7103
28.2028
17.1322
17.1322
17.1322
21.9512
21.9512
21.9512
21.9512
17.1322
21.9512
21.9512
21.9512
21.9512
17.1322
17.1322
17.1322
21.9512
21.9512
17.1322
21.9512
21.9512
21.9512
32.8761
32.8761
21.9512
32.8761
32.8761
21.9512
21.9512
21.9512
21.9512
21.9512
29.8448
29.8448
32.8761
32.8761
21.9512
29.8448
32.8761
32.8761
29.8448
24.1361
24.1361
24.1361
24.1361
29.8448
29.8448
29.8448
29.8448
29.8448
29.8448
29.8448
29.8448
29.8448
29.8448
29.8448
29.8448
29.8448
29.8448
29.8448
29.8448
29.8448
29.8448
29.8448
29.8448
29.4443
29.4443
29.4443
19.295
19.295
19.295
19.295
19.295
19.295
19.295
19.295
19.295
19.295
29.4443
19.295
19.295
19.295
19.295
19.295
19.295
19.295
19.295
19.295
19.295
19.295
19.295
19.295
19.295
19.295
19.295
19.295
19.295
19.295
19.295
19.295
19.295
19.295
19.295
19.295
19.295
19.295
19.295
19.295
19.295
19.295
19.295
19.295
39.0045
39.0045
19.295
19.295
39.0045
39.0045
39.0045
19.295
19.295
39.0045
39.0045
39.0045
19.295
39.0045
39.0045
39.0045
37.7422
39.0045
37.7422
34.2474
34.2474
34.2474
34.2474
37.7422
34.2474
34.2474
37.7422
34.2474
34.2474
34.2474
34.2474
34.2474
34.2474
34.2474
34.585
34.585
34.2474
34.2474
34.2474
34.2474
34.585
34.2474
34.2474
34.585
34.585
34.2474
34.585
34.585
34.585
32.2786
32.2786
32.2786
32.2786
32.2786
32.2786
36.5936
38.426
30.8202
38.426
38.426
38.426
39.3537
32.206
32.206
32.206
32.2786
32.2786
36.5936
38.426
30.8202
38.426
38.426
38.426
39.3537
32.206
32.206
32.206
32.2786
32.2786
36.5936
38.426
30.8202
38.426
38.426
38.426
39.3537
32.206
32.206
32.206
32.2786
32.2786
36.5936
38.426
30.8202
38.426
38.426
38.426
39.3537
32.206
32.206
32.206
39.171
39.171
44.2317
39.171
44.2317
39.171
44.2317
44.2317
44.2317
44.2317
39.6319
44.2317
39.6319
44.2317
39.6319
39.6319
39.6319
39.6319
39.6319
39.6319
39.6319
39.6319
39.6319
39.6319
37.8301
38.0153
32.4462
32.4462
32.4462
39.6319
37.8301
38.0153
32.4462
32.4462
32.4462
32.4462
39.6319
39.6319
37.8301
38.0153
32.4462
32.4462
32.4462
39.6319
37.8301
38.0153
32.4462
32.4462
32.4462
32.4462
32.4462
32.4462
41.9028
38.9031
38.9031
41.9028
41.9028
38.9031
38.9031
41.9028
41.9028
38.9031
38.9031
41.9028
41.9028
38.9031
38.9031
41.9028
42.6361
42.6361
42.6361
42.6361
42.6361
42.6361
42.6361
42.6361
42.6361
43.8202
43.8202
42.1585
42.1585
42.1585
44.8626
44.8626
46.6559
46.6559
38.6908
34.0851
33.08
42.6361
43.8202
43.8202
42.1585
42.1585
42.1585
44.8626
44.8626
46.6559
46.6559
38.6908
34.0851
33.08
42.6361
43.8202
43.8202
42.1585
42.1585
42.1585
44.8626
44.8626
46.6559
46.6559
38.6908
34.0851
33.08
42.6361
43.8202
43.8202
42.1585
42.1585
42.1585
44.8626
44.8626
46.6559
46.6559
38.6908
34.0851
33.08
33.08
33.08
33.08
33.08
34.0851
34.0851
34.0851
34.0851
41.4937
32.7623
32.7623
33.08
34.0851
34.0851
34.0851
34.0851
41.4937
33.08
34.0851
34.0851
34.0851
34.0851
41.4937
33.08
33.08
34.0851
34.0851
41.4937
43.7902
42.6096
32.7623
32.7623
41.4937
32.7623
32.7623
41.4937
34.0851
34.0851
41.4937
32.7623
29.5513
43.7902
42.6096
29.5513
29.5513
43.7902
42.6096
29.5513
29.5513
32.7623
29.5513
29.5513
41.4937
29.5513
43.7902
29.5513
42.6096
29.5513
29.5513
29.5513
32.9914
32.9914
32.9914
32.9914
32.9914
39.84
41.8768
41.8768
43.2306
45.7252
36.2485
35.8693
35.7673
35.8693
35.8693
35.8693
37.0307
37.0307
32.9914
39.84
41.8768
41.8768
43.2306
45.7252
36.2485
35.8693
35.7673
35.8693
35.8693
35.8693
37.0307
37.0307
32.9914
39.84
41.8768
41.8768
43.2306
45.7252
36.2485
35.8693
35.7673
35.8693
35.8693
35.8693
37.0307
37.0307
32.9914
39.84
41.8768
41.8768
43.2306
45.7252
36.2485
35.8693
35.7673
35.8693
35.8693
35.8693
37.0307
37.0307
37.0307
37.0307
37.0307
37.5231
30.1678
38.9146
37.2981
36.6595
36.6595
37.0307
37.0307
37.0307
37.5231
30.1678
38.9146
37.0307
37.0307
37.0307
37.5231
30.1678
38.9146
37.0307
37.2981
37.2981
37.0307
36.6595
36.6595
37.0307
37.5231
30.1678
38.9146
37.2981
38.5743
38.5743
36.254
36.254
36.6595
36.6595
38.5743
38.5743
36.6595
36.6595
36.6595
38.5743
36.6595
36.6595
29.2587
36.254
36.254
38.5743
36.254
29.2587
36.254
36.6595
29.2587
38.5743
38.5743
36.254
36.254
29.2587
29.2587
29.2587
29.2587
29.2587
29.2587
31.9633
31.9633
38.0146
41.3809
38.8584
38.8584
29.2587
29.2587
29.2587
29.2587
29.2587
31.9633
31.9633
38.0146
41.3809
38.8584
38.8584
44.5177
40.8472
46.4208
46.4208
29.2587
29.2587
29.2587
29.2587
29.2587
31.9633
31.9633
38.0146
41.3809
38.8584
38.8584
29.2587
44.5177
44.5177
29.2587
40.8472
40.8472
29.2587
46.4208
46.4208
29.2587
46.4208
46.4208
29.2587
31.9633
31.9633
38.0146
41.3809
38.8584
38.8584
44.5177
40.8472
46.4208
46.4208
33.0541
33.0541
33.0541
41.0291
39.3545
41.0291
39.3545
46.6938
41.0291
39.3545
33.0541
46.6938
46.6938
41.0291
39.3545
46.6938
35.9517
32.8506
46.6938
35.9517
46.6938
32.8506
37.3731
37.3731
46.6938
35.9517
32.8506
37.3731
26.741
46.6938
35.9517
32.8506
37.3731
26.741
26.741
26.741
35.4299
41.6179
41.6179
26.741
26.741
35.4299
41.6179
41.6179
26.741
35.4299
49.3299
49.3299
49.3299
49.3299
26.741
41.6179
35.4299
41.6179
41.6179
49.3299
41.6179
49.3299
49.3299
49.3299
43.0818
43.0818
43.0818
43.0818
40.9299
33.222
37.4262
37.4262
39.7518
43.6421
43.6421
39.2956
42.829
45.9306
38.5078
38.5078
26.4001
26.4001
40.9299
33.222
37.4262
37.4262
39.7518
43.6421
43.6421
39.2956
42.829
45.9306
38.5078
38.5078
26.4001
26.4001
40.9299
33.222
37.4262
37.4262
39.7518
43.6421
43.6421
39.2956
42.829
45.9306
38.5078
38.5078
26.4001
26.4001
40.9299
33.222
37.4262
37.4262
39.7518
43.6421
43.6421
39.2956
42.829
45.9306
38.5078
38.5078
26.4001
26.4001
33.1129
33.1129
40.7136
40.7136
36.575
33.1129
33.1129
40.7136
40.7136
36.575
33.1129
33.1129
40.7136
40.7136
36.575
33.1129
33.1129
40.7136
40.7136
36.575
36.575
36.575
36.575
36.575
36.575
36.575
36.575
35.1645
34.8468
27.5643
27.5643
35.1645
34.8468
27.5643
27.5643
36.0843
36.575
35.1645
34.8468
27.5643
27.5643
35.1645
34.8468
27.5643
27.5643
36.0843
41.5555
41.5555
36.0843
36.0843
41.5555
34.4954
34.4954
34.4954
41.5555
34.4954
34.4954
34.4954
34.4954
34.4954
39.5027
39.5027
35.0051
39.5027
35.0051
39.5027
35.0051
35.0051
29.609
35.0051
33.1994
33.1994
33.1994
33.1994
33.1994
38.864
29.632
29.632
29.632
29.632
30.8897
29.609
35.0051
33.1994
33.1994
33.1994
33.1994
33.1994
38.864
29.632
29.632
29.632
29.632
30.8897
29.609
35.0051
33.1994
33.1994
33.1994
33.1994
33.1994
38.864
29.632
29.632
29.632
29.632
30.8897
29.609
35.0051
33.1994
33.1994
33.1994
33.1994
33.1994
38.864
29.632
29.632
29.632
29.632
30.8897
30.8897
30.8897
30.8897
42.0267
36.6816
31.8104
35.7063
35.7063
30.8839
42.0267
36.6816
31.8104
35.7063
42.0267
36.6816
31.8104
35.7063
30.8897
42.0267
36.6816
31.8104
35.7063
35.7063
30.8839
36.1777
44.4038
44.4038
30.2687
30.2687
35.7063
30.8839
30.8839
36.1777
44.4038
44.4038
35.7063
30.8839
30.8839
36.1777
44.4038
44.4038
30.8839
30.8839
36.1777
30.2687
32.2382
30.2687
30.2687
44.4038
30.2687
44.4038
30.2687
32.2382
30.2687
30.2687
30.2687
30.2687
30.2687
32.2382
32.2382
32.2382
32.2382
24.8956
32.2382
24.8956
32.2382
24.8956
24.8956
24.8956
24.8956
24.8956
24.8956
33.9476
24.8956
24.8956
24.8956
24.8956
24.8956
24.8956
24.8956
24.8956
24.8956
24.8956
24.8956
24.8956
24.8956
24.8956
24.8956
24.8956
33.9476
33.9476
33.9476
33.9476
33.9476
34.7138
34.7138
34.7138
34.7138
33.9476
33.9476
33.9476
33.9476
34.7138
34.7138
34.7138
33.9476
33.9476
33.9476
33.9476
34.7138
34.7138
34.7138
34.7138
33.9476
33.9476
34.7138
34.7138
34.7138
34.7138
34.7138
34.7138
38.0622
40.2393
38.7922
38.7922
38.7922
38.7922
40.2393
33.9004
39.9172
40.2393
40.1503
34.7138
38.0622
40.2393
38.7922
38.7922
38.7922
38.7922
40.2393
33.9004
34.7138
38.0622
40.2393
38.7922
38.7922
38.7922
38.7922
40.2393
33.9004
34.7138
38.0622
40.2393
38.7922
34.8878
34.8878
34.8878
39.9172
40.2393
40.1503
39.9172
40.2393
40.1503
34.8878
34.8878
38.7922
34.8878
34.8878
38.7922
34.8878
34.8878
38.7922
40.2393
33.9004
39.9172
40.2393
40.1503
34.8878
34.8878
34.8878
34.8878
34.8878
34.8878
34.8878
25.2783
25.2783
39.3759
39.3759
33.8594
33.8594
33.8594
33.8594
38.257
38.257
38.257
34.8878
34.8878
34.8878
34.8878
25.2783
25.2783
39.3759
39.3759
33.8594
33.8594
33.8594
34.8878
34.8878
34.8878
34.8878
25.2783
25.2783
39.3759
39.3759
33.8594
33.8594
33.8594
34.8878
33.8594
33.8594
34.8878
38.257
38.257
34.8878
38.257
38.257
34.8878
38.257
38.257
25.2783
25.2783
39.3759
39.3759
33.8594
33.8594
33.8594
33.8594
38.257
38.257
38.257
33.3551
33.3551
33.3551
33.3551
33.3551
40.4151
33.3551
40.4151
33.3551
40.4151
36.2394
33.3551
40.4151
36.2394
36.2394
36.2394
32.5522
36.2394
32.5522
36.2394
36.2394
36.2394
36.2394
36.2394
32.5522
36.2394
37.8067
32.5522
36.2394
37.8067
23.7116
23.7116
37.8067
23.7116
23.7116
23.7116
37.8067
23.7116
23.7116
23.7116
23.7116
23.7116
23.7116
23.7116
23.7116
23.7116
23.7116
23.7116
30.2687
34.5647
30.2687
34.5647
39.1719
30.2687
34.5647
39.1719
30.2687
39.1719
34.5647
39.1719
39.1719
39.1719
39.1719
39.1719
43.3087
40.8159
45.6972
47.5801
42.86
46.7664
40.5875
37.017
43.351
43.351
43.5567
47.4414
34.0632
39.1719
43.3087
40.8159
45.6972
47.5801
42.86
46.7664
40.5875
37.017
43.351
39.1719
43.3087
40.8159
45.6972
47.5801
42.86
46.7664
40.5875
37.017
43.351
39.1719
43.351
43.351
39.1719
43.5567
43.5567
43.3087
47.4414
47.4414
40.8159
34.0632
34.0632
45.6972
47.5801
42.86
46.7664
40.5875
37.017
43.351
43.351
43.5567
47.4414
34.0632
29.13
29.13
29.13
29.13
29.13
29.13
29.13
29.13
32.2018
32.2018
32.2018
33.5599
33.5599
29.13
29.13
29.13
29.13
29.13
32.2018
32.2018
32.2018
33.5599
33.5599
37.6929
37.6929
35.4755
35.4755
29.13
29.13
29.13
29.13
29.13
32.2018
32.2018
32.2018
33.5599
33.5599
29.13
37.6929
37.6929
29.13
37.6929
37.6929
29.13
35.4755
35.4755
29.13
35.4755
35.4755
29.13
29.13
32.2018
32.2018
32.2018
33.5599
33.5599
37.6929
37.6929
35.4755
35.4755
35.4755
35.4755
35.4755
35.4755
35.4755
35.4755
36.6111
36.6111
23.4613
36.6111
45.1313
43.0835
38.5476
43.0835
43.0835
35.4755
35.4755
35.4755
36.6111
36.6111
23.4613
36.6111
45.1313
35.4755
35.4755
35.4755
36.6111
36.6111
23.4613
36.6111
45.1313
43.0835
35.4755
35.4755
35.4755
43.0835
38.5476
43.0835
38.5476
43.0835
35.4755
43.0835
36.6111
36.6111
43.0835
46.3512
43.0835
43.0835
46.3512
43.0835
46.3512
23.4613
36.6111
45.1313
43.0835
38.5476
43.0835
43.0835
43.0835
46.3512
47.4118
47.4118
47.4118
39.781
39.781
41.7674
40.8476
40.8476
41.3377
39.781
39.781
41.7674
40.8476
39.781
39.781
41.7674
40.8476
47.4118
40.8476
39.781
41.3377
40.8476
39.781
41.3377
41.7674
40.8476
40.8476
41.3377
30.3189
30.3189
30.3189
30.3189
30.3189
30.3189
30.3189
30.3189
35.8883
29.5102
38.5938
38.5938
30.3189
30.3189
30.3189
30.3189
35.8883
29.5102
38.5938
38.5938
30.3189
30.3189
30.3189
30.3189
35.8883
29.5102
38.5938
38.5938
35.8883
29.5102
38.5938
38.5938
38.5938
38.5938
38.7153
38.5938
38.7153
38.5938
38.7153
38.7153
38.7153
38.7153
45.5529
36.3657
39.7819
39.7819
39.7819
39.7819
39.7819
39.7819
39.7819
40.5884
33.6942
38.7153
38.7153
45.5529
36.3657
39.7819
39.7819
39.7819
39.7819
39.7819
39.7819
39.7819
40.5884
33.6942
38.7153
38.7153
45.5529
36.3657
39.7819
39.7819
39.7819
39.7819
39.7819
39.7819
39.7819
40.5884
33.6942
38.7153
38.7153
45.5529
36.3657
39.7819
39.7819
39.7819
39.7819
39.7819
39.7819
39.7819
40.5884
33.6942
40.5884
18.6817
18.6817
18.6817
18.6817
18.6817
40.1455
30.7229
30.7229
30.7229
30.7229
40.5884
18.6817
18.6817
18.6817
18.6817
18.6817
40.1455
30.7229
30.7229
30.7229
30.7229
30.7229
40.7271
37.3075
37.3075
40.5884
18.6817
18.6817
18.6817
18.6817
18.6817
40.1455
30.7229
30.7229
30.7229
30.7229
40.5884
30.7229
30.7229
18.6817
40.7271
40.7271
18.6817
37.3075
37.3075
18.6817
37.3075
37.3075
18.6817
18.6817
40.1455
30.7229
30.7229
30.7229
30.7229
30.7229
40.7271
37.3075
37.3075
37.3075
37.3075
37.3075
37.3075
37.3075
37.3075
37.3075
37.3075
37.3075
37.3075
37.3075
37.3075
37.3075
37.3075
37.3075
37.3075
40.5074
40.5074
37.3075
37.3075
37.3075
40.5074
40.5074
40.5074
40.5074
40.5074
42.0998
42.0998
40.3934
37.3075
40.5074
40.5074
40.5074
40.5074
40.5074
42.0998
42.0998
42.0998
42.0998
42.0998
40.3934
42.0998
40.3934
40.3934
40.3934
40.3934
40.3934
40.3934
40.3934
42.0998
40.3934
40.3934
40.3934
42.0998
42.0998
38.9369
38.9369
38.9369
42.0998
38.9369
33.7097
33.7097
31.1078
31.1078
33.7097
31.1078
33.7097
31.1078
31.1078
31.1078
38.9369
34.7157
35.7956
35.7956
35.7956
35.7956
35.6306
28.2509
35.6306
34.2009
31.1078
31.1078
38.9369
34.7157
35.7956
35.7956
35.7956
35.7956
35.6306
28.2509
35.6306
34.2009
34.2009
31.1078
31.1078
38.9369
34.7157
35.7956
35.7956
35.7956
35.7956
35.6306
28.2509
35.6306
34.2009
34.2009
31.1078
31.1078
38.9369
34.7157
35.7956
35.7956
35.7956
35.7956
35.6306
28.2509
35.6306
34.2009
34.2009
34.2009
45.0315
45.0315
45.0315
45.0315
43.8511
34.875
30.0701
30.0701
30.0701
34.875
37.3514
50.2141
48.6425
38.4006
36.376
36.376
36.376
36.376
43.8511
34.875
30.0701
30.0701
30.0701
34.875
37.3514
50.2141
48.6425
38.4006
36.376
36.376
36.376
36.376
43.8511
34.875
30.0701
30.0701
30.0701
34.875
37.3514
50.2141
48.6425
38.4006
36.376
36.376
36.376
36.376
43.8511
34.875
30.0701
30.0701
30.0701
34.875
37.3514
50.2141
48.6425
38.4006
36.376
36.376
36.376
36.376
36.044
36.044
36.044
36.044
45.3321
38.3343
32.3138
32.3138
28.9985
39.4149
39.4149
33.443
32.4989
32.4989
32.4989
36.044
36.044
36.044
36.044
45.3321
38.3343
32.3138
32.3138
28.9985
39.4149
39.4149
33.443
32.4989
32.4989
32.4989
36.044
36.044
36.044
36.044
45.3321
38.3343
32.3138
32.3138
28.9985
39.4149
39.4149
33.443
32.4989
32.4989
32.4989
36.044
36.044
36.044
36.044
45.3321
38.3343
32.3138
32.3138
28.9985
39.4149
39.4149
33.443
32.4989
32.4989
32.4989
42.1706
42.1706
41.3567
42.1706
41.3567
42.1706
41.3567
41.3567
41.3567
41.3567
41.3567
41.3567
41.3567
41.3567
43.4795
41.3567
41.3567
41.3567
41.3567
41.3567
41.3567
41.3567
43.4795
41.3567
41.3567
41.3567
41.3567
41.3567
41.3567
41.3567
43.4795
43.4795
43.4795
43.4187
41.3567
41.3567
41.3567
43.4795
43.4795
43.4795
43.4795
41.3567
43.4187
43.4187
41.3567
41.3567
39.9595
39.3683
39.9595
39.3683
39.9595
39.3683
41.3567
41.3567
43.4795
43.4795
43.4795
43.4187
39.9595
39.3683
41.2235
41.2235
41.2235
41.2235
41.2235
41.2235
41.2235
41.2235
48.378
48.4232
35.155
33.9332
33.9332
33.9332
33.9332
33.9332
33.9332
41.2235
41.2235
41.2235
41.2235
41.2235
48.378
48.4232
35.155
33.9332
33.9332
41.2235
41.2235
41.2235
41.2235
41.2235
48.378
48.4232
35.155
33.9332
33.9332
41.2235
33.9332
33.9332
41.2235
33.9332
33.9332
41.2235
33.9332
33.9332
41.2235
33.9332
33.9332
41.2235
41.2235
48.378
48.4232
35.155
33.9332
33.9332
33.9332
33.9332
33.9332
33.9332
33.9332
33.9332
33.9332
33.9332
48.9501
41.6586
39.1915
39.1915
46.7614
28.605
28.605
28.605
28.605
28.605
35.5419
33.9332
48.9501
41.6586
39.1915
39.1915
46.7614
28.605
28.605
33.9332
48.9501
41.6586
39.1915
39.1915
46.7614
28.605
28.605
33.9332
28.605
28.605
33.9332
48.9501
41.6586
35.7274
36.9381
28.605
28.605
35.5419
28.605
28.605
35.5419
39.1915
35.7274
35.7274
39.1915
36.9381
36.9381
46.7614
28.605
28.605
28.605
28.605
28.605
35.5419
35.7274
36.9381
35.8846
35.8846
35.8846
35.8846
35.8846
35.8846
52.1501
36.2981
36.2981
33.8706
33.8706
33.8706
33.8706
36.2981
35.7028
42.0959
46.8888
35.8846
35.8846
35.8846
52.1501
36.2981
36.2981
33.8706
33.8706
33.8706
33.8706
35.8846
35.8846
35.8846
52.1501
36.2981
36.2981
33.8706
33.8706
33.8706
33.8706
35.8846
36.2981
36.2981
35.8846
35.7028
35.7028
35.8846
42.0959
42.0959
35.8846
46.8888
46.8888
52.1501
36.2981
36.2981
33.8706
33.8706
33.8706
33.8706
36.2981
35.7028
42.0959
46.8888
46.8888
46.8888
46.8888
46.8888
40.9248
39.1033
40.9248
39.1033
40.9248
39.1033
40.9248
39.1033
39.1033
39.1033
39.1033
39.1033
39.1033
39.1033
39.1033
39.1033
42.3158
42.3158
33.9611
33.9611
42.1255
42.1255
42.3158
42.3158
33.9611
33.9611
42.1255
42.1255
42.3158
42.3158
33.9611
33.9611
42.1255
42.1255
42.3158
42.3158
33.9611
33.9611
42.1255
42.1255
42.1255
42.1255
42.1255
32.3874
40.8451
42.1255
32.3874
40.8451
42.1255
42.1255
32.3874
42.1255
40.8451
42.1255
32.3874
40.8451
40.8451
40.8451
40.8451
40.8451
40.8451
44.2748
37.9141
37.9141
37.9141
38.758
38.758
38.758
42.2872
42.9874
42.9874
40.8451
40.8451
40.8451
40.8451
40.8451
44.2748
37.9141
37.9141
37.9141
38.758
38.758
38.758
42.2872
42.9874
42.9874
40.8451
40.8451
40.8451
40.8451
40.8451
44.2748
37.9141
37.9141
37.9141
38.758
38.758
38.758
42.2872
42.9874
42.9874
40.8451
40.8451
40.8451
40.8451
40.8451
44.2748
37.9141
37.9141
37.9141
38.758
38.758
38.758
42.2872
42.9874
42.9874
42.737
42.737
42.737
42.737
45.7985
45.638
45.638
45.638
53.1138
47.3797
46.9707
46.9707
38.8765
42.737
45.7985
45.638
45.638
45.638
53.1138
47.3797
46.9707
46.9707
38.8765
48.122
33.9356
33.9356
33.9356
42.737
45.7985
45.638
45.638
45.638
53.1138
47.3797
46.9707
46.9707
38.8765
42.737
48.122
48.122
42.737
33.9356
33.9356
45.7985
33.9356
33.9356
45.638
33.9356
33.9356
45.638
45.638
53.1138
47.3797
46.9707
46.9707
38.8765
48.122
33.9356
33.9356
33.9356
32.525
32.525
32.525
32.525
32.525
32.525
32.525
32.525
32.525
42.5238
42.5238
36.5887
32.525
42.5238
42.5238
36.5887
22.5702
32.525
42.5238
42.5238
36.5887
22.5702
32.525
42.5238
42.5238
36.5887
22.5702
22.5702
24.2334
24.2334
24.2334
24.2334
24.2334
24.2334
24.2334
24.2334
24.2334
24.2334
24.2334
24.2334
24.2334
24.2334
24.2334
24.2334
24.2334
24.2334
24.2334
24.2334
24.2334
24.2334
24.2334
24.2334
24.2334
24.2334
24.2334
24.2334
24.2334
24.2334
24.2334
24.2334
34.2437
34.2437
30.7821
34.2437
30.7821
34.2437
30.7821
30.7821
30.7821
30.7821
30.7821
30.7821
30.7821
30.7821
38.0032
33.5207
33.5207
35.9391
41.2757
36.9265
35.3098
35.3098
31.3364
35.3098
30.7821
30.7821
38.0032
33.5207
33.5207
35.9391
41.2757
36.9265
35.3098
35.3098
31.3364
35.3098
30.7821
30.7821
38.0032
33.5207
33.5207
35.9391
41.2757
36.9265
35.3098
35.3098
31.3364
35.3098
30.7821
30.7821
38.0032
33.5207
33.5207
35.9391
41.2757
36.9265
35.3098
35.3098
31.3364
35.3098
35.3098
35.3098
35.3098
35.3098
35.3098
35.3098
35.3098
35.3098
35.3098
35.3098
35.3098
35.3098
35.3098
35.3098
35.3098
35.3098
35.3098
35.3098
35.3098
38.9339
35.3098
35.3098
35.3098
35.3098
35.3098
38.9339
41.8841
41.8841
32.5564
32.5564
38.9339
41.8841
41.8841
32.5564
32.5564
41.8841
43.8916
43.8916
38.9339
41.8841
41.8841
32.5564
32.5564
41.8841
43.8916
43.8916
41.8841
41.8841
32.5564
32.5564
41.8841
43.8916
43.8916
39.5702
39.5702
39.5702
41.8841
43.8916
43.8916
39.5702
43.8916
43.8916
43.8916
43.8916
29.9703
35.2972
31.873
31.873
23.9724
23.9724
23.9724
23.9724
23.9724
35.4003
36.2298
38.3689
37.9877
26.9819
29.9703
35.2972
31.873
31.873
23.9724
23.9724
23.9724
23.9724
23.9724
35.4003
36.2298
38.3689
37.9877
26.9819
29.9703
35.2972
31.873
31.873
23.9724
23.9724
23.9724
23.9724
23.9724
35.4003
36.2298
38.3689
37.9877
26.9819
29.9703
35.2972
31.873
31.873
23.9724
23.9724
23.9724
23.9724
23.9724
35.4003
36.2298
38.3689
37.9877
26.9819
26.9819
43.034
30.566
30.566
30.566
42.7492
42.7492
30.9415
30.9415
30.9415
42.7492
42.7492
42.7492
42.7492
43.5477
26.9819
43.034
30.566
30.566
30.566
42.7492
42.7492
30.9415
30.9415
30.9415
42.7492
42.7492
42.7492
42.7492
43.5477
26.9819
43.034
30.566
30.566
30.566
42.7492
42.7492
30.9415
30.9415
30.9415
42.7492
42.7492
42.7492
42.7492
43.5477
26.9819
43.034
30.566
30.566
30.566
42.7492
42.7492
30.9415
30.9415
30.9415
42.7492
42.7492
42.7492
42.7492
43.5477
43.5477
43.5477
43.5477
33.8002
33.8002
33.8002
43.5477
33.8002
35.12
35.12
24.6704
24.6704
35.12
35.12
24.6704
24.6704
33.4335
33.4335
35.12
35.12
24.6704
24.6704
33.4335
33.4335
35.12
35.12
24.6704
24.6704
33.4335
33.4335
33.4335
33.4335
33.4335
33.4335
33.4335
34.506
34.506
33.4335
33.4335
33.4335
33.4335
34.506
44.9559
43.8386
34.0005
34.0005
44.9559
43.8386
34.0005
34.0005
33.4335
34.506
44.9559
43.8386
34.0005
44.9559
34.0005
43.8386
34.0005
34.0005
34.0005
34.0005
34.0005
32.9174
32.3484
31.2916
31.2916
34.0005
34.0005
34.0005
32.9174
32.3484
31.2916
31.2916
31.2916
34.0005
34.0005
34.0005
32.9174
32.3484
31.2916
31.2916
34.0005
34.0005
34.0005
32.9174
32.3484
31.2916
31.2916
31.2916
32.1364
32.1364
33.7997
34.2968
34.4686
34.4686
31.2916
32.1364
32.1364
33.7997
34.2968
34.4686
34.4686
35.4325
32.1364
32.1364
33.7997
34.2968
34.4686
34.4686
31.2916
35.4325
35.4325
32.1364
32.1364
33.7997
34.2968
34.4686
34.4686
35.4325
35.4325
35.4325
35.4325
30.6873
30.6873
30.6873
30.6873
28.9778
28.9778
30.6873
30.6873
30.6873
32.1419
32.1419
32.1419
32.1419
42.5278
30.6873
30.6873
30.6873
30.6873
28.9778
28.9778
30.6873
30.6873
30.6873
32.1419
30.6873
30.6873
30.6873
30.6873
28.9778
28.9778
30.6873
30.6873
30.6873
32.1419
35.4325
32.1419
32.1419
30.6873
32.1419
32.1419
30.6873
32.1419
32.1419
30.6873
42.5278
42.5278
30.6873
28.9778
28.9778
30.6873
30.6873
30.6873
32.1419
32.1419
32.1419
32.1419
42.5278
42.5278
42.5278
42.5278
42.5278
42.5278
42.5278
39.5696
37.3539
44.0446
33.1993
28.206
28.206
28.206
42.5278
42.5278
42.5278
39.5696
37.3539
44.0446
33.1993
28.206
28.206
28.206
42.5278
42.5278
42.5278
39.5696
37.3539
44.0446
33.1993
28.206
28.206
28.206
28.206
28.206
28.206
36.4821
42.5278
28.206
28.206
42.5278
42.5278
42.5278
39.5696
28.206
28.206
36.4821
28.206
28.206
36.4821
37.3539
44.0446
33.1993
28.206
28.206
28.206
28.206
28.206
28.206
36.4821
36.4821
34.7609
34.7609
36.4821
36.4821
28.3452
43.6886
36.4821
34.7609
34.7609
36.4821
36.4821
28.3452
43.6886
43.6886
36.4821
34.7609
34.7609
36.4821
36.4821
28.3452
43.6886
43.6886
35.1553
46.4936
42.1033
28.3239
32.7595
32.7595
32.7595
43.6886
35.1553
46.4936
42.1033
28.3239
32.7595
32.7595
32.7595
36.4821
34.7609
34.7609
36.4821
36.4821
28.3452
43.6886
43.6886
35.1553
35.1553
46.4936
46.4936
42.1033
42.1033
28.3239
28.3239
32.7595
32.7595
32.7595
32.7595
32.7595
32.7595
32.7595
32.7595
32.7595
32.7595
32.7595
32.7595
32.7595
32.7595
32.7595
32.7595
28.2627
28.2627
32.7595
32.7595
28.2627
28.2627
32.7595
32.7595
28.2627
28.2627
32.7595
32.7595
28.2627
28.2627
28.2627
28.2627
28.2627
28.2627
28.2627
28.2627
33.6817
34.3776
28.2627
28.2627
28.2627
28.2627
33.6817
34.3776
34.3776
30.7852
28.2627
28.2627
28.2627
28.2627
28.2627
33.6817
34.3776
28.2627
34.3776
34.3776
28.2627
30.7852
30.7852
28.2627
28.2627
28.2627
33.6817
34.3776
34.3776
30.7852
30.7852
31.9832
26.8152
26.8152
26.8152
26.8152
26.8152
35.1886
25.8288
25.8288
28.0754
30.7852
31.9832
26.8152
26.8152
26.8152
26.8152
26.8152
35.1886
25.8288
25.8288
28.0754
37.3147
43.9619
33.663
33.663
30.7852
31.9832
26.8152
26.8152
26.8152
26.8152
26.8152
35.1886
25.8288
25.8288
28.0754
30.7852
37.3147
37.3147
31.9832
43.9619
43.9619
26.8152
33.663
33.663
26.8152
33.663
33.663
26.8152
26.8152
26.8152
35.1886
25.8288
25.8288
28.0754
37.3147
43.9619
33.663
33.663
33.663
33.663
32.7586
32.7586
33.663
32.7586
32.7586
30.3871
30.1204
15.6966
21.0819
32.7586
30.3871
30.1204
15.6966
21.0819
32.7586
30.3871
30.1204
15.6966
21.0819
21.0819
28.8852
33.663
32.7586
32.7586
30.3871
30.1204
15.6966
21.0819
28.8852
28.8852
28.4916
28.4916
28.8852
21.0819
28.8852
28.8852
28.4916
28.4916
28.8852
28.8852
28.4916
28.4916
28.8852
28.8852
21.0819
28.8852
28.8852
29.2948
21.0819
29.2948
29.2948
28.8852
28.8852
28.4916
28.4916
28.8852
28.8852
29.2948
34.6608
34.6608
34.6608
34.6608
39.551
20.4839
20.4839
36.3496
36.3496
36.3496
36.3496
36.3496
42.4548
42.4548
40.9936
47.4673
34.6608
34.6608
39.551
20.4839
20.4839
36.3496
36.3496
36.3496
36.3496
36.3496
42.4548
42.4548
40.9936
47.4673
34.6608
34.6608
34.6608
39.551
20.4839
20.4839
36.3496
36.3496
36.3496
36.3496
36.3496
42.4548
42.4548
40.9936
47.4673
34.6608
34.6608
34.6608
39.551
20.4839
20.4839
36.3496
36.3496
36.3496
36.3496
36.3496
42.4548
42.4548
40.9936
47.4673
35.8251
42.1822
42.1822
28.5464
28.5464
44.8778
39.0884
39.0884
47.4673
43.3521
31.574
35.8251
42.1822
42.1822
28.5464
28.5464
44.8778
39.0884
39.0884
47.4673
43.3521
31.574
35.8251
42.1822
42.1822
28.5464
28.5464
44.8778
39.0884
39.0884
47.4673
43.3521
31.574
34.9071
35.632
35.632
35.632
35.8251
34.9071
34.9071
42.1822
35.632
35.632
42.1822
35.632
35.632
28.5464
35.632
35.632
28.5464
44.8778
39.0884
39.0884
47.4673
43.3521
31.574
34.9071
35.632
35.632
35.632
35.632
37.6676
36.88
35.632
37.6676
36.88
35.632
37.6676
36.88
35.632
34.2006
34.2006
37.6676
36.88
40.5889
40.5889
34.2006
34.2006
41.8808
41.8808
41.8808
40.5889
41.8808
41.8808
40.5889
41.8808
41.8808
38.4786
41.8808
41.8808
38.4786
30.6931
41.8808
41.8808
41.8808
38.4786
30.6931
38.4786
30.6931
36.7082
30.6931
36.7082
28.3067
28.3067
36.7082
28.3067
28.3067
26.7344
36.7082
28.3067
28.3067
28.3067
26.7344
26.7344
26.7344
28.3067
26.7344
26.7344
26.7344
26.7344
26.7344
26.7344
41.8724
41.8724
26.7344
26.7344
41.8724
41.8724
26.7344
26.7344
41.8724
41.8724
26.7344
26.7344
41.8724
41.8724
41.8724
41.8724
41.8724
41.8724
34.4781
41.8724
41.8724
41.8724
41.8724
34.4781
34.4781
34.4781
41.8724
41.8724
41.8724
41.8724
41.8724
41.8724
34.4781
34.4781
34.4781
41.8724
41.8724
41.8724
41.8724
41.8724
41.8724
34.4781
34.4781
34.4781
41.8724
41.8724
34.4781
44.4321
34.4781
41.8724
44.4321
31.3534
31.3534
44.4321
31.3534
41.8724
44.4321
31.3534
31.3534
31.3534
31.3534
31.3534
38.2826
40.0138
22.2954
22.2954
40.0138
48.0177
38.5563
38.5563
38.5563
31.3534
38.2826
40.0138
22.2954
22.2954
40.0138
48.0177
31.3534
38.2826
40.0138
22.2954
22.2954
40.0138
48.0177
38.5563
31.3534
31.3534
38.2826
40.0138
22.2954
22.2954
40.0138
38.5563
38.5563
38.5563
38.5563
38.5563
41.3406
41.3406
38.5563
38.5563
38.5563
38.5563
41.3406
41.3406
48.0177
38.5563
38.5563
38.5563
38.5563
41.3406
38.5563
41.3406
38.5563
38.5563
41.3406
41.3406
41.3406
25.6068
25.6068
25.6068
25.6068
41.3406
25.6068
25.6068
25.6068
25.6068
41.3406
25.6068
25.6068
25.6068
25.6068
29.3324
15.1382
15.1382
29.3324
15.1382
15.1382
15.1382
15.1382
29.3324
29.3324
29.3324
29.3324
33.0445
33.0445
29.3324
15.1382
15.1382
15.1382
29.3324
29.3324
29.3324
29.3324
29.3324
33.0445
33.0445
41.3406
29.3324
29.3324
25.6068
29.3324
25.6068
33.0445
25.6068
33.0445
25.6068
29.3324
15.1382
15.1382
15.1382
29.3324
29.3324
29.3324
29.3324
33.0445
33.0445
27.5519
27.5519
27.5519
27.5519
27.5519
27.5519
27.5519
27.5519
27.5519
44.0788
44.0788
48.5808
47.0695
47.0695
48.5808
38.075
27.5519
44.0788
44.0788
48.5808
47.0695
47.0695
48.5808
27.5519
27.5519
27.5519
27.5519
27.5519
44.0788
44.0788
27.5519
27.5519
27.5519
27.5519
38.075
42.2584
42.2584
48.5808
47.0695
47.0695
48.5808
27.5519
44.0788
44.0788
48.5808
38.075
38.075
42.2584
38.075
38.075
42.2584
47.0695
42.2584
42.2584
47.0695
48.5808
38.075
38.075
42.2584
42.2584
42.2584
42.2584
35.3929
35.3929
35.3929
35.3929
35.3929
35.3929
35.3929
35.3929
32.9635
31.3163
37.204
37.204
32.2509
42.2584
42.2584
35.3929
35.3929
35.3929
35.3929
35.3929
35.3929
35.3929
35.3929
32.9635
31.3163
37.204
37.204
32.2509
42.2584
42.2584
35.3929
35.3929
35.3929
35.3929
35.3929
35.3929
35.3929
35.3929
32.9635
31.3163
37.204
37.204
32.2509
42.2584
42.2584
35.3929
35.3929
35.3929
35.3929
35.3929
35.3929
35.3929
35.3929
32.9635
31.3163
37.204
37.204
32.2509
32.2509
32.2509
32.2509
32.2509
32.2509
32.2509
37.204
35.1117
37.204
35.1117
35.1117
35.1117
35.1117
35.1117
35.1117
35.1117
35.1117
35.1117
35.1117
38.613
33.095
35.1117
38.613
32.5482
32.5482
40.8996
33.095
32.5482
32.5482
32.2509
32.2509
40.8996
32.2509
32.2509
37.204
32.2509
35.1117
32.2509
35.1117
37.204
35.1117
35.1117
35.1117
35.1117
35.1117
35.1117
35.1117
35.1117
38.613
35.1117
33.095
35.1117
32.5482
38.613
32.5482
33.095
40.8996
32.5482
32.5482
40.8996
42.1149
41.7342
29.5006
29.5006
29.5006
29.5006
42.1149
41.7342
29.5006
29.5006
29.5006
29.5006
42.1149
41.7342
29.5006
29.5006
29.5006
29.5006
29.5006
29.5006
29.5006
33.4269
35.9857
35.9857
29.9084
22.9235
30.2305
31.1626
31.1626
33.4269
35.9857
35.9857
29.9084
22.9235
30.2305
31.1626
31.1626
33.4269
35.9857
35.9857
29.9084
22.9235
30.2305
31.1626
31.1626
42.1149
41.7342
29.5006
29.5006
29.5006
29.5006
29.5006
33.4269
35.9857
35.9857
29.9084
22.9235
30.2305
31.1626
31.1626
31.1626
31.1626
31.1626
31.1626
31.1626
31.1626
31.1626
31.1626
32.8064
39.9204
20.9871
20.9871
20.9871
32.8064
39.9204
20.9871
20.9871
20.9871
31.1626
31.1626
31.1626
31.1626
32.8064
36.3793
36.3793
27.6117
27.6117
27.6117
27.6117
27.6117
27.6117
27.6117
27.6117
27.6117
27.6117
39.9204
20.9871
20.9871
20.9871
36.3793
27.6117
31.1626
27.6117
31.1626
27.6117
31.1626
27.6117
31.1626
27.6117
32.8064
39.9204
20.9871
20.9871
20.9871
36.3793
27.6117
27.6117
27.6117
27.6117
27.6117
27.6117
43.1573
43.1573
33.0351
43.1573
33.4239
33.4239
33.4239
45.3777
49.0828
37.7781
37.9138
37.9138
37.9138
41.9534
27.6117
43.1573
43.1573
33.0351
43.1573
33.4239
33.4239
33.4239
45.3777
49.0828
37.7781
37.9138
37.9138
37.9138
41.9534
27.6117
43.1573
43.1573
33.0351
43.1573
33.4239
33.4239
33.4239
45.3777
49.0828
37.7781
37.9138
37.9138
37.9138
41.9534
27.6117
43.1573
43.1573
33.0351
43.1573
33.4239
33.4239
33.4239
45.3777
49.0828
37.7781
37.9138
37.9138
37.9138
41.9534
41.9534
32.4888
40.7298
41.9534
32.4888
40.7298
41.9534
32.4888
40.7298
40.7298
40.7298
29.9232
29.9232
29.9232
47.3627
40.7298
40.7298
29.9232
29.9232
29.9232
47.3627
40.7298
40.7298
29.9232
29.9232
29.9232
47.3627
43.1391
24.9227
24.9227
24.9227
24.9227
30.1973
43.1391
24.9227
24.9227
43.1391
24.9227
24.9227
24.9227
24.9227
30.1973
41.9534
24.9227
32.4888
24.9227
40.7298
30.1973
40.7298
40.7298
29.9232
29.9232
29.9232
47.3627
43.1391
24.9227
24.9227
24.9227
24.9227
30.1973
20.1538
20.1538
31.4025
29.4815
43.7202
37.3192
28.6694
28.6694
25.0589
20.1538
20.1538
31.4025
29.4815
43.7202
37.3192
28.6694
28.6694
20.1538
20.1538
31.4025
29.4815
43.7202
37.3192
28.6694
28.6694
25.0589
25.0589
25.0589
25.0589
25.0589
41.7382
25.0589
25.0589
25.0589
25.0589
25.0589
33.3188
36.9062
41.7382
33.3188
36.9062
20.1538
25.0589
20.1538
41.7382
31.4025
33.3188
29.4815
36.9062
43.7202
37.3192
28.6694
28.6694
25.0589
25.0589
25.0589
25.0589
41.7382
33.3188
36.9062
36.2975
36.2975
36.2975
36.2975
36.2975
36.2975
36.2975
36.2975
36.2975
36.2975
36.2975
36.2975
36.2975
36.2975
36.2975
38.0552
38.0552
38.0552
38.0552
38.0552
30.9726
30.9726
38.0552
38.0552
38.0552
38.0552
38.0552
30.9726
30.9726
38.0552
38.0552
38.0552
38.0552
38.0552
30.9726
30.9726
41.8802
41.8802
41.8802
43.8994
43.8994
43.8994
43.8994
43.8994
43.8994
36.2975
36.2975
36.2975
36.2975
36.2975
38.0552
38.0552
38.0552
38.0552
38.0552
30.9726
30.9726
41.8802
43.8994
43.8994
44.4369
32.9561
43.1133
43.1133
43.6887
43.4029
44.4369
32.9561
43.1133
43.1133
43.6887
44.4369
32.9561
43.1133
43.1133
43.6887
43.4029
44.4369
32.9561
43.1133
43.1133
43.6887
43.4029
43.4029
47.1631
47.6619
43.441
43.4029
43.4029
47.1631
47.6619
43.441
38.881
38.881
36.6438
36.6438
43.4029
43.4029
43.4029
47.1631
47.6619
38.881
38.881
36.6438
36.6438
43.4029
43.441
43.4029
38.881
43.4029
38.881
47.1631
36.6438
47.6619
43.441
38.881
36.6438
38.881
36.6438
36.6438
36.6438
36.6438
36.6438
43.9357
43.6376
43.6376
36.6438
36.6438
36.6438
43.9357
43.6376
43.6376
36.6438
36.6438
36.6438
43.9357
43.6376
43.6376
43.6376
43.6376
43.6376
43.6376
41.2122
35.9474
35.9474
35.9474
35.9474
35.9474
38.1071
43.6376
41.2122
35.9474
35.9474
35.9474
35.9474
35.9474
38.1071
43.6376
41.2122
35.9474
35.9474
35.9474
35.9474
35.9474
38.1071
36.6438
36.6438
36.6438
43.9357
43.6376
43.6376
43.6376
43.6376
41.2122
35.9474
35.9474
35.9474
35.9474
35.9474
38.1071
39.3652
39.3652
39.3652
40.1924
40.1924
23.3873
40.1924
40.1924
43.6751
40.1924
40.1924
23.3873
40.1924
40.1924
43.6751
40.1924
40.1924
23.3873
40.1924
40.1924
43.6751
37.7774
36.4504
36.0276
37.7774
36.4504
36.0276
37.7774
36.4504
36.0276
33.7076
30.1775
45.2636
33.7076
30.1775
45.2636
33.7076
30.1775
34.2775
29.7218
45.2636
34.2775
29.7218
39.3652
34.2775
40.1924
29.7218
40.1924
23.3873
40.1924
40.1924
43.6751
37.7774
36.4504
36.0276
33.7076
30.1775
45.2636
34.2775
29.7218
29.7218
29.7218
34.2775
35.0192
35.0192
28.5145
28.5145
28.5145
34.2775
35.0192
35.0192
28.5145
28.5145
28.5145
29.7218
34.2775
35.0192
35.0192
28.5145
28.5145
28.5145
28.5145
40.1394
33.8535
33.8535
33.8535
28.5145
28.5145
28.5145
40.1394
33.8535
33.8535
33.8535
32.4063
40.2692
32.4063
40.2692
29.7218
34.2775
35.0192
28.5145
28.5145
40.1394
35.0192
33.8535
28.5145
33.8535
28.5145
33.8535
28.5145
32.4063
28.5145
40.2692
28.5145
40.1394
33.8535
33.8535
33.8535
32.4063
40.2692
23.1186
20.6124
47.9206
46.4702
30.1303
43.5942
42.8409
42.8409
47.7029
28.5938
42.0701
23.1186
20.6124
47.9206
46.4702
30.1303
43.5942
42.8409
42.8409
47.7029
28.5938
42.0701
23.1186
20.6124
47.9206
46.4702
30.1303
43.5942
42.8409
42.8409
47.7029
28.5938
42.0701
23.1186
20.6124
37.6955
47.9206
46.4702
30.1303
43.5942
37.6955
37.6955
37.6955
37.6955
37.6955
37.6955
42.8409
37.6955
37.6955
37.6955
42.8409
37.6955
47.7029
37.6955
28.5938
42.0701
37.6955
37.6955
37.6955
37.6955
37.6955
37.6955
43.3384
40.3246
28.1386
43.3384
40.3246
28.1386
34.9758
34.9758
34.9758
34.9758
34.9758
34.2533
34.2533
34.2533
34.9758
34.9758
34.9758
34.2533
34.2533
34.2533
37.6955
43.3384
40.3246
28.1386
34.9758
34.2533
40.9979
33.8447
34.2533
40.9979
33.8447
34.9758
34.9758
34.9758
33.8447
33.8447
34.2533
34.2533
37.6955
34.2533
43.3384
34.2533
40.3246
40.9979
28.1386
33.8447
34.9758
33.8447
34.9758
34.9758
34.9758
34.2533
34.2533
34.2533
34.2533
40.9979
33.8447
33.8447
33.8447
33.8447
33.8447
33.8447
33.8447
33.8447
33.8447
33.8447
33.0404
33.0404
33.0404
33.0404
33.0404
33.0404
37.4794
29.3525
29.3525
29.3525
29.3525
33.0404
33.0404
33.0404
33.0404
33.0404
33.0404
37.4794
29.3525
29.3525
29.3525
29.3525
33.8447
33.8447
33.8447
33.8447
33.0404
33.0404
33.0404
33.0404
33.0404
33.0404
37.4794
29.3525
33.8447
29.3525
33.8447
29.3525
33.8447
29.3525
33.8447
33.0404
33.0404
33.0404
33.0404
33.0404
33.0404
37.4794
29.3525
29.3525
29.3525
29.3525
29.3525
29.3525
29.0952
32.5424
41.2129
40.4506
40.4506
29.0952
32.5424
41.2129
40.4506
29.3525
29.0952
32.5424
41.2129
40.4506
29.3525
29.0952
32.5424
41.2129
40.4506
45.9034
45.9034
40.6532
40.4506
40.4506
45.9034
45.9034
40.4506
40.6532
40.6532
51.9165
51.9165
46.7887
40.4506
40.4506
45.9034
40.6532
51.9165
51.9165
39.1321
45.9034
46.7887
39.1321
40.4506
40.4506
40.6532
40.6532
45.9034
51.9165
45.9034
40.6532
51.9165
40.6532
46.7887
51.9165
39.1321
51.9165
46.7887
39.1321
39.1321
38.2914
30.3848
24.7037
24.7037
24.7037
39.1321
38.2914
30.3848
24.7037
24.7037
24.7037
39.1321
38.2914
30.3848
24.7037
24.7037
24.7037
24.7037
37.9499
37.9499
32.4553
29.4604
26.8946
26.8946
26.8946
26.8946
24.7037
37.9499
37.9499
32.4553
29.4604
26.8946
26.8946
26.8946
26.8946
24.7037
37.9499
37.9499
32.4553
29.4604
26.8946
26.8946
26.8946
26.8946
39.1321
38.2914
30.3848
24.7037
24.7037
24.7037
24.7037
37.9499
37.9499
32.4553
29.4604
26.8946
26.8946
26.8946
26.8946
26.8946
26.8946
26.8946
29.4604
45.3054
45.5298
34.686
34.686
34.686
34.686
34.686
26.8946
29.4604
45.3054
45.5298
34.686
34.686
34.686
34.686
34.686
26.8946
26.8946
29.4604
45.3054
45.5298
34.686
34.686
34.686
34.686
34.686
37.7556
37.7556
37.7556
39.4356
39.4356
37.7978
37.7556
37.7556
39.4356
39.4356
37.7978
37.7556
39.4356
39.4356
37.7978
26.8946
26.8946
29.4604
45.3054
45.5298
34.686
34.686
34.686
34.686
34.686
37.7556
37.7556
39.4356
39.4356
37.7978
32.8528
32.8528
32.8528
32.8528
32.8528
32.8528
32.9848
32.8528
32.9848
32.9848
32.9848
28.9239
28.9239
32.9848
32.9848
32.9848
32.9848
32.9848
32.9848
38.6558
38.6558
38.6558
26.3248
32.9848
32.9848
38.6558
38.6558
28.9239
32.9848
32.9848
32.9848
38.6558
26.3248
26.3248
38.6558
26.3248
38.6558
38.6558
45.4827
26.3248
26.3248
26.3248
32.8528
32.9848
45.4827
26.3248
26.3248
32.9848
45.4827
28.9239
32.9848
32.9848
32.9848
38.6558
38.6558
38.6558
26.3248
26.3248
26.3248
45.4827
44.909
44.909
44.909
49.3891
44.909
44.909
44.909
49.3891
44.909
44.909
44.909
49.3891
37.7177
48.388
37.7686
37.7177
48.388
40.4544
45.5403
37.7686
40.4544
36.5984
23.104
31.3101
31.5577
28.0647
28.0647
37.7177
48.388
37.7686
40.4544
45.5403
36.5984
23.104
45.5403
36.5984
23.104
31.3101
31.5577
28.0647
28.0647
44.909
31.3101
44.909
31.5577
44.909
28.0647
49.3891
28.0647
37.7177
48.388
37.7686
40.4544
45.5403
36.5984
23.104
31.3101
31.5577
28.0647
28.0647
28.0647
28.0647
28.0647
28.0647
28.0647
28.0647
41.5572
40.4451
40.4451
41.5572
41.5572
40.4451
40.4451
41.5572
41.5572
40.4451
40.4451
41.5572
38.1891
38.1891
41.5572
38.1891
41.5572
41.5572
39.6864
39.6864
39.6864
39.6864
39.6864
39.6864
39.6864
39.6864
39.6864
39.6864
36.7184
39.6864
39.6864
36.7184
36.7184
36.7184
36.7184
36.7184
36.7184
36.7184
36.7184
28.0647
28.0647
41.5572
40.4451
40.4451
41.5572
38.1891
41.5572
39.6864
39.6864
39.6864
39.6864
36.7184
36.7184
36.7184
42.4194
29.7536
42.4194
29.7536
42.4194
29.7536
29.7536
35.5529
35.5529
35.5529
39.8924
39.8924
39.8924
41.8242
41.8242
45.5108
36.2193
29.7536
35.5529
35.5529
35.5529
39.8924
39.8924
39.8924
41.8242
41.8242
45.5108
36.2193
29.7536
35.5529
35.5529
35.5529
39.8924
39.8924
39.8924
41.8242
41.8242
45.5108
36.2193
30.0569
38.515
30.0569
38.515
30.0569
42.4194
38.515
29.7536
29.7536
35.5529
35.5529
35.5529
39.8924
39.8924
39.8924
41.8242
41.8242
45.5108
36.2193
30.0569
38.515
38.515
38.515
38.515
38.515
38.515
38.6893
38.6893
38.515
38.515
38.515
38.515
38.515
38.6893
38.6893
38.515
38.515
38.515
38.515
38.515
38.6893
38.6893
38.515
38.515
38.515
38.515
38.6893
38.6893
31.5998
38.6893
38.6893
31.5998
31.5998
38.515
42.562
38.6893
31.5998
42.562
38.6893
38.6893
38.6893
39.9639
38.6893
38.6893
31.5998
39.9639
38.5555
40.8474
31.5998
31.5998
42.562
38.5555
40.8474
39.9639
31.5998
38.5555
42.562
40.8474
39.9639
38.5555
40.8474
30.4348
30.4348
30.4348
30.4348
30.4348
40.8474
30.4348
40.8474
30.4348
40.8474
30.4348
40.8474
41.4213
41.4213
32.1252
41.4213
32.1252
30.8924
41.4213
32.1252
30.8924
32.1252
30.8924
30.8924
30.8924
30.8924
30.8924
30.8924
43.6825
43.6825
30.8924
43.6825
30.8924
30.8924
30.8924
43.6825
43.6825
46.2078
37.4221
44.7966
43.6825
46.2078
37.4221
44.7966
40.7468
37.7162
43.6825
43.6825
46.2078
37.4221
44.7966
46.2078
37.4221
44.7966
40.7468
37.7162
40.7468
40.7468
37.7162
37.7162
36.6218
36.6218
36.6218
36.6218
36.6218
36.6218
36.6218
31.4311
36.6218
36.6218
36.6218
28.3301
28.3301
28.3301
36.2997
24.2703
30.0614
30.0614
30.0614
30.0614
31.4311
36.6218
36.6218
36.6218
28.3301
28.3301
28.3301
36.2997
24.2703
31.4311
36.6218
36.6218
36.6218
28.3301
28.3301
28.3301
36.2997
24.2703
36.6218
30.0614
31.4311
36.6218
36.6218
30.0614
30.0614
30.0614
30.0614
30.0614
30.0614
30.0614
36.6218
28.3301
28.3301
28.3301
36.2997
24.2703
30.0614
30.0614
30.0614
30.0614
30.0614
30.0614
30.0614
30.0614
30.0614
30.0614
30.0614
30.0614
30.0614
30.0614
30.0614
30.0614
30.0614
30.0614
30.0614
30.0614
30.0614
44.8586
44.8586
40.2364
40.2364
34.5751
34.5751
34.5751
30.0614
44.8586
44.8586
40.2364
40.2364
34.5751
34.5751
34.5751
34.5751
34.5751
39.9197
30.0614
44.8586
44.8586
40.2364
40.2364
34.5751
34.5751
34.5751
34.5751
34.5751
39.9197
30.0614
44.8586
44.8586
40.2364
40.2364
34.5751
34.5751
34.5751
34.5751
34.5751
39.9197
34.5751
34.5751
39.9197
39.9197
39.9197
42.1808
39.9197
42.1808
39.9197
42.1808
42.1808
42.1808
42.1808
42.1808
42.1808
42.1808
42.1808
42.1808
42.1808
42.1808
42.1808
42.1808
42.1808
47.9599
47.9599
47.9599
47.9599
47.9599
47.9599
47.9599
41.1025
47.9599
47.9599
47.9599
41.1025
47.9599
47.9599
47.9599
41.1025
47.2444
47.9599
47.9599
47.9599
41.1025
47.2444
32.1922
32.1922
32.1922
47.2444
32.1922
32.1922
32.1922
32.1922
32.1922
32.1922
32.1922
47.2444
32.1922
32.1922
32.1922
32.1922
32.1922
32.1922
32.1922
32.1922
32.1922
32.1922
32.1922
32.1922
32.1922
32.1922
32.1922
32.1922
32.1922
32.1922
32.1922
32.1922
32.1922
32.1922
32.1922
32.1922
32.1922
32.1922
32.1922
22.9365
22.9365
22.9365
30.3984
30.3984
39.2118
32.1922
22.9365
22.9365
22.9365
30.3984
30.3984
39.2118
38.7789
38.0238
38.0238
32.1922
32.1922
22.9365
22.9365
22.9365
30.3984
30.3984
39.2118
38.7789
38.0238
22.9365
22.9365
22.9365
30.3984
30.3984
39.2118
38.7789
38.0238
38.0238
38.7789
38.0238
38.0238
38.0238
28.1239
28.1239
28.1239
34.5282
27.5406
27.5406
27.5406
29.9124
29.9124
29.9124
29.9124
29.9124
40.8958
40.4197
22.964
37.9962
33.0371
34.5282
27.5406
27.5406
27.5406
29.9124
29.9124
29.9124
29.9124
29.9124
40.8958
34.5282
27.5406
27.5406
27.5406
29.9124
29.9124
29.9124
29.9124
29.9124
40.8958
28.1239
40.4197
40.4197
34.5282
22.964
22.964
27.5406
37.9962
37.9962
27.5406
33.0371
33.0371
27.5406
29.9124
29.9124
29.9124
29.9124
29.9124
40.8958
40.4197
22.964
37.9962
33.0371
33.0371
33.0371
33.0371
33.0371
26.4054
26.4054
26.4054
26.4054
26.4054
22.8501
22.8501
33.0371
33.0371
33.0371
33.0371
26.4054
26.4054
26.4054
26.4054
26.4054
22.8501
22.8501
33.0371
33.0371
33.0371
33.0371
33.0371
26.4054
26.4054
26.4054
26.4054
26.4054
22.8501
22.8501
33.0371
33.0371
33.0371
33.0371
33.0371
26.4054
26.4054
26.4054
26.4054
26.4054
22.8501
22.8501
33.0371
33.0371
33.0371
33.5054
33.5054
33.0371
33.5054
33.5054
33.0371
33.5054
33.5054
33.0371
33.5054
33.5054
33.5054
33.5054
33.5054
33.5054
38.0008
38.0008
38.0008
38.0008
32.6296
32.6296
32.6296
32.6296
32.6296
32.6296
32.6296
32.6296
32.6296
32.6296
32.6296
32.6296
32.3306
32.3306
32.3306
25.8278
32.3306
25.8278
25.8278
25.8278
25.8278
25.8278
25.8278
25.8278
25.8278
25.8278
25.8278
25.8278
25.8278
38.4934
25.8278
25.8278
25.8278
38.4934
36.9885
36.9885
38.4934
38.4934
38.9427
36.9885
38.9427
38.9427
36.9885
38.9427
38.9427
38.9427
38.9427
38.9427
38.9427
38.9427
38.9427
38.9427
38.9427
38.9427
38.9427
38.9427
38.9427
38.9427
38.9427
38.9427
36.3169
29.5588
29.5588
38.9427
36.3169
29.5588
29.5588
38.9427
36.3169
29.5588
29.5588
29.5588
38.5588
38.9427
38.9427
36.3169
29.5588
29.5588
29.5588
38.5588
38.5588
29.5588
38.5588
38.5588
35.2769
35.2769
32.5068
34.7588
29.5588
38.5588
38.5588
35.2769
35.2769
32.5068
34.7588
32.3633
38.5588
35.2769
35.2769
32.5068
34.7588
32.3633
32.3633
32.3633
35.2769
32.3633
32.3633
35.2769
32.5068
34.7588
32.3633
32.3633
34.7588
34.7588
35.6055
34.7588
35.6055
34.7588
35.6055
35.6055
35.6055
34.6669
34.2355
34.6669
34.6669
38.0645
38.0645
37.5782
36.7787
36.7787
38.1392
38.1392
35.6055
34.6669
34.2355
34.6669
34.6669
38.0645
38.0645
37.5782
36.7787
36.7787
38.1392
38.1392
35.6055
34.6669
34.2355
34.6669
34.6669
38.0645
38.0645
37.5782
36.7787
36.7787
38.1392
38.1392
38.1392
35.6055
34.6669
34.2355
34.6669
34.6669
38.0645
38.0645
37.5782
36.7787
36.7787
38.1392
38.1392
38.1392
38.1392
38.1392
33.547
29.0485
33.547
33.547
49.1917
44.2211
33.547
29.0485
33.547
33.547
33.547
29.0485
33.547
33.547
33.547
49.1917
49.1917
29.0485
33.547
33.547
49.1917
44.2211
44.2211
44.2211
28.9043
35.002
35.002
44.2211
44.2211
28.9043
35.002
35.002
37.518
37.518
28.9148
28.9148
44.2211
44.2211
44.2211
28.9043
35.002
35.002
37.518
37.518
28.9148
44.2211
44.2211
44.2211
28.9043
35.002
35.002
37.518
37.518
28.9148
28.9148
28.9148
37.518
37.518
28.9148
28.9148
28.9148
28.9148
28.9148
28.9148
31.2529
31.2529
31.2529
31.2529
31.2529
20.7776
21.7579
31.2529
31.2529
31.2529
31.2529
31.2529
20.7776
21.7579
31.2529
31.2529
31.2529
31.2529
31.2529
20.7776
21.7579
31.2529
31.2529
31.2529
31.2529
31.2529
20.7776
21.7579
21.7579
21.7579
21.7579
21.7579
26.6279
26.6279
26.6279
21.7579
26.6279
26.6279
26.6279
34.8484
34.8484
21.7579
26.6279
26.6279
26.6279
21.7579
34.8484
34.8484
21.7579
34.8484
26.6279
34.8484
26.6279
26.6279
34.8484
34.8484
26.5045
26.5045
26.5045
26.5045
36.2002
21.3245
26.5045
36.2002
21.3245
26.5045
36.2002
21.3245
21.3245
21.3245
21.3245
21.3245
26.5045
26.5045
36.2002
21.3245
21.3245
21.3245
37.5724
21.3245
37.5724
35.6796
28.7198
28.7198
28.7198
21.3245
37.5724
35.6796
28.7198
28.7198
28.7198
37.5724
35.6796
28.7198
28.7198
28.7198
28.7198
35.6796
28.7198
28.7198
28.7198
28.7198
28.7198
28.7198
28.7198
28.7198
28.7198
28.7198
28.7198
38.3473
38.3473
38.3473
28.7198
28.7198
28.7198
38.3473
33.4299
33.4299
33.4299
33.4299
33.4299
42.1269
42.1269
33.5981
40.1527
33.4299
33.4299
42.1269
42.1269
33.5981
40.1527
33.4299
33.4299
42.1269
42.1269
33.5981
40.1527
24.7275
40.1527
33.4299
33.4299
33.4299
42.1269
42.1269
33.5981
24.7275
40.1527
25.7951
25.7951
25.7951
24.7275
40.1527
25.7951
25.7951
25.7951
25.7951
25.7951
25.7951
35.3863
39.8938
40.1527
24.7275
35.3863
39.8938
35.3863
39.8938
39.8938
40.1527
39.8938
39.8938
25.7951
25.7951
25.7951
35.3863
39.8938
39.8938
39.8938
39.8938
39.8938
40.7458
42.8367
40.7458
40.7458
39.8938
40.7458
42.8367
42.8367
42.8367
42.8367
47.2999
43.926
22.2182
22.2182
22.2182
22.2182
22.2182
40.4042
42.8367
42.8367
42.8367
47.2999
43.926
22.2182
22.2182
22.2182
22.2182
22.2182
40.4042
40.4042
42.8367
42.8367
42.8367
42.8367
47.2999
43.926
22.2182
22.2182
22.2182
22.2182
22.2182
40.4042
40.4042
42.8367
42.8367
42.8367
42.8367
47.2999
43.926
22.2182
22.2182
22.2182
22.2182
22.2182
40.4042
40.4042
40.4042
40.4042
40.4042
40.4042
40.4042
27.9664
24.1016
33.249
38.1635
36.8863
24.8873
24.8873
24.8873
36.8863
27.9664
24.1016
33.249
38.1635
36.8863
24.8873
24.8873
24.8873
36.8863
27.9664
24.1016
33.249
38.1635
36.8863
24.8873
24.8873
24.8873
36.8863
27.9664
24.1016
33.249
38.1635
36.8863
24.8873
24.8873
24.8873
36.8863
22.5737
22.5737
22.5737
22.5737
22.5737
22.5737
22.5737
22.5737
22.5737
22.5737
22.5737
22.5737
22.5737
22.5737
22.5737
22.5737
22.5737
22.5737
22.5737
22.5737
38.1537
38.1537
38.1537
38.0315
38.0315
38.0315
37.1417
40.2738
37.6335
33.0171
37.6335
38.0315
37.1417
40.2738
37.6335
33.0171
38.0315
38.0315
37.1417
40.2738
37.6335
33.0171
38.1537
38.0315
38.0315
37.1417
40.2738
37.6335
33.0171
37.6335
31.5311
37.1041
41.6178
41.6178
36.6505
37.8519
37.8519
37.6335
31.5311
37.1041
41.6178
41.6178
36.6505
37.8519
37.8519
37.6335
31.5311
37.1041
41.6178
41.6178
36.6505
37.8519
31.5311
37.8519
37.1041
41.6178
41.6178
36.6505
37.8519
37.8519
25.6239
25.6239
25.6239
25.6239
25.6239
25.6239
25.6239
39.4235
35.5868
35.5868
39.4235
39.4235
37.9172
38.4584
45.0556
45.0556
45.0556
23.4236
25.6239
25.6239
25.6239
39.4235
35.5868
35.5868
39.4235
39.4235
37.9172
38.4584
45.0556
45.0556
45.0556
23.4236
25.6239
25.6239
25.6239
39.4235
35.5868
35.5868
39.4235
39.4235
37.9172
38.4584
45.0556
45.0556
45.0556
23.4236
25.6239
25.6239
25.6239
39.4235
35.5868
35.5868
39.4235
39.4235
37.9172
38.4584
45.0556
45.0556
45.0556
23.4236
43.721
43.721
39.1041
43.721
39.1041
43.721
39.1041
39.1041
39.1041
39.1041
39.1041
38.1261
38.1261
39.1041
39.1041
39.1041
39.1041
38.1261
39.1041
39.1041
39.1041
39.1041
38.1261
38.1261
38.1261
38.1261
38.1261
39.1041
39.1041
39.1041
39.1041
39.1041
38.1261
38.1261
38.1261
38.1261
38.1261
35.5107
38.1261
38.1261
38.1261
38.1261
35.5107
38.1261
38.1261
35.5107
32.3479
30.7485
32.3479
32.3479
38.1261
30.7485
30.7485
38.1261
38.1261
38.1261
38.1261
35.5107
32.3479
30.7485
28.0733
28.0733
28.0733
32.3479
32.3479
42.7119
24.3629
24.3629
24.3629
24.3629
24.3629
31.0079
31.0079
31.0079
31.0079
31.0079
32.3479
32.3479
42.7119
24.3629
24.3629
24.3629
24.3629
24.3629
31.0079
31.0079
32.3479
32.3479
42.7119
24.3629
24.3629
24.3629
24.3629
24.3629
31.0079
31.0079
28.0733
31.0079
31.0079
32.3479
31.0079
31.0079
31.0079
32.3479
31.0079
31.0079
42.7119
31.0079
31.0079
24.3629
24.3629
24.3629
24.3629
24.3629
31.0079
31.0079
31.0079
31.0079
31.0079
31.0079
29.3437
29.3437
29.3437
29.3437
31.0079
31.0079
40.8862
45.8899
38.7302
38.7302
42.3769
38.3379
38.3379
38.3379
38.3379
38.3379
38.3379
31.0079
31.0079
40.8862
45.8899
38.7302
38.7302
42.3769
38.3379
38.3379
38.3379
38.3379
38.3379
38.3379
31.0079
31.0079
40.8862
45.8899
38.7302
38.7302
42.3769
38.3379
38.3379
38.3379
38.3379
38.3379
38.3379
31.0079
31.0079
40.8862
45.8899
38.7302
38.7302
42.3769
38.3379
38.3379
38.3379
38.3379
38.3379
38.3379
38.3379
38.3379
38.3379
38.3379
42.5271
41.5726
33.3286
29.9021
33.3286
42.5271
41.5726
33.3286
29.9021
33.3286
42.5271
41.5726
33.3286
29.9021
33.3286
33.3286
33.3286
42.5271
41.5726
33.3286
29.9021
33.3286
33.3286
33.3286
33.3286
42.1646
33.3286
33.3286
33.3286
42.1646
47.7235
36.7342
36.7342
36.7342
37.6215
33.3286
33.3286
33.3286
42.1646
47.7235
36.7342
36.7342
36.7342
37.6215
33.3286
42.1646
47.7235
36.7342
36.7342
36.7342
37.6215
37.6215
47.7235
37.6215
37.6215
36.7342
36.7342
36.7342
37.6215
37.6215
37.6215
37.6215
37.0824
41.9301
41.9301
37.8555
37.8555
37.6111
37.8555
37.0824
41.9301
41.9301
37.8555
37.8555
37.6215
37.0824
41.9301
41.9301
37.8555
37.8555
37.6215
37.0824
41.9301
41.9301
37.8555
37.8555
37.6111
37.8555
27.7992
27.7992
27.7992
27.7992
27.7992
27.7992
37.5699
20.1504
37.6111
37.8555
27.7992
27.7992
27.7992
27.7992
27.7992
37.5699
37.6111
37.8555
27.7992
27.7992
27.7992
27.7992
27.7992
37.5699
20.1504
20.1504
27.7992
27.7992
27.7992
27.7992
37.5699
20.1504
20.1504
20.1504
20.1504
20.1504
20.1504
20.1504
29.3347
29.3347
47.9368
50.334
39.5683
20.1504
20.1504
29.3347
29.3347
47.9368
50.334
39.5683
20.1504
20.1504
29.3347
29.3347
47.9368
50.334
39.5683
29.8118
20.1504
20.1504
29.3347
29.3347
47.9368
50.334
39.5683
29.8118
29.8118
29.8118
29.8118
29.8118
25.7752
25.7752
25.7752
25.7752
29.8118
29.8118
25.7752
25.7752
25.7752
25.7752
25.7752
25.7752
25.7752
25.7752
25.7752
25.7752
25.7752
25.7752
25.7752
25.7752
25.7752
25.7752
21.3233
21.3233
25.7752
28.2902
38.4097
38.4097
23.1074
25.7752
28.2902
38.4097
38.4097
23.1074
21.3233
25.7752
28.2902
38.4097
38.4097
23.1074
23.1074
21.3233
23.1074
23.1074
25.7752
28.2902
38.4097
38.4097
23.1074
23.1074
23.1074
23.1074
37.6159
23.1074
23.1074
37.6159
27.9317
27.9317
27.0864
27.0864
27.0864
23.1074
23.1074
37.6159
27.9317
27.9317
27.0864
27.0864
27.0864
23.1074
23.1074
37.6159
27.9317
27.9317
27.0864
27.0864
27.0864
27.9317
27.9317
27.0864
27.0864
27.0864
20.7508
20.7508
20.7508
20.7508
35.0605
35.0605
35.0605
30.6777
30.6777
30.6777
32.3668
32.3668
32.3668
30.9902
30.9902
30.9902
32.3668
31.1016
35.0605
35.0605
35.0605
30.6777
30.6777
30.6777
32.3668
32.3668
32.3668
30.9902
30.9902
30.9902
32.3668
31.1016
35.0605
35.0605
35.0605
30.6777
30.6777
30.6777
32.3668
32.3668
32.3668
30.9902
30.9902
30.9902
32.3668
31.1016
35.0605
35.0605
35.0605
30.6777
30.6777
30.6777
32.3668
32.3668
32.3668
30.9902
30.9902
30.9902
32.3668
31.1016
31.1016
31.1016
31.1016
32.3668
32.3668
40.3332
41.4098
43.2143
43.2143
43.2143
43.2143
40.1754
32.3668
32.3668
40.3332
41.4098
43.2143
43.2143
32.3668
32.3668
40.3332
41.4098
43.2143
43.2143
31.1016
32.3668
32.3668
40.3332
41.4098
43.2143
40.1754
38.6919
38.6919
38.6919
38.6919
43.2143
43.2143
40.1754
40.1754
38.6919
38.6919
43.2143
43.2143
40.1754
40.1754
38.6919
38.6919
43.2143
38.6919
38.6919
43.2143
43.2143
38.6919
38.6919
40.1754
40.1754
38.6919
38.6919
38.6919
38.6919
39.8022
39.8022
39.8022
42.5087
48.9723
22.2615
22.2615
22.2615
29.3976
29.3976
29.3976
39.8022
39.8022
39.8022
42.5087
48.9723
22.2615
22.2615
22.2615
29.3976
29.3976
29.3976
40.3072
40.3072
40.3072
32.7763
39.8022
39.8022
39.8022
42.5087
48.9723
22.2615
22.2615
22.2615
29.3976
29.3976
29.3976
39.8022
40.3072
40.3072
39.8022
40.3072
40.3072
39.8022
40.3072
40.3072
42.5087
32.7763
32.7763
48.9723
22.2615
22.2615
22.2615
29.3976
29.3976
29.3976
40.3072
40.3072
40.3072
32.7763
32.7763
32.7763
32.7763
40.1368
40.1368
38.9642
38.9642
45.3
45.3
33.7985
40.1368
40.1368
38.9642
38.9642
45.3
40.1368
40.1368
38.9642
38.9642
45.3
32.7763
40.1368
40.1368
38.9642
38.9642
45.3
45.3
33.7985
31.9595
31.9595
30.4757
30.4757
30.4757
34.4371
34.4371
34.4371
45.3
33.7985
31.9595
30.4757
30.4757
30.4757
34.4371
34.4371
45.3
33.7985
31.9595
30.4757
30.4757
30.4757
34.4371
34.4371
30.4757
34.4371
34.4371
30.4757
30.4757
34.4371
34.4371
34.4371
34.4371
34.4371
34.4371
34.4371
35.1235
35.1235
35.1235
35.1235
40.1283
40.741
40.741
43.4762
40.0923
36.0793
27.5386
27.5386
27.5386
37.8062
35.1235
35.1235
35.1235
35.1235
40.1283
40.741
40.741
43.4762
40.0923
36.0793
27.5386
27.5386
27.5386
37.8062
35.1235
35.1235
35.1235
35.1235
40.1283
40.741
40.741
43.4762
40.0923
36.0793
27.5386
27.5386
27.5386
37.8062
35.1235
35.1235
35.1235
35.1235
40.1283
40.741
40.741
43.4762
40.0923
36.0793
27.5386
27.5386
27.5386
37.8062
27.7728
27.7728
27.7728
27.7728
27.7728
27.7728
27.8495
28.2948
33.5217
35.6953
30.7975
35.6953
35.6953
27.7728
27.7728
27.8495
28.2948
33.5217
35.6953
30.7975
35.6953
35.6953
37.2892
27.7728
27.7728
27.8495
28.2948
33.5217
35.6953
30.7975
35.6953
35.6953
27.7728
27.7728
27.8495
28.2948
33.5217
35.6953
30.7975
35.6953
35.6953
37.2892
37.2892
37.2892
46.6224
35.3314
29.3851
37.2892
46.6224
35.3314
29.3851
37.2892
37.2892
46.6224
35.3314
29.3851
37.2892
46.6224
35.3314
29.3851
39.4865
39.4865
44.461
39.4865
44.461
39.4865
44.461
44.461
34.6413
32.4446
32.4446
32.4446
32.4446
28.4865
28.4865
28.4865
34.6413
32.4446
32.4446
32.4446
32.4446
28.4865
28.4865
28.4865
36.8392
34.6413
32.4446
32.4446
32.4446
32.4446
28.4865
28.4865
28.4865
34.6413
32.4446
32.4446
32.4446
32.4446
28.4865
28.4865
28.4865
36.8392
36.8392
29.2335
36.8392
29.2335
29.2335
29.2335
29.2335
29.2335
29.2335
29.2335
28.4518
28.4518
28.4518
28.4518
28.4518
28.4518
28.4518
28.4518
28.4518
28.4518
40.6051
45.2607
28.4518
40.6051
45.2607
40.6051
45.2607
28.4518
40.6051
45.2607
47.3214
43.5723
47.3214
43.5723
43.5723
34.7252
47.3214
43.5723
43.5723
34.7252
47.3214
43.5723
43.5723
34.7252
38.2941
43.5723
34.7252
38.2941
38.2941
38.2941
42.0012
42.0012
42.0012
38.2941
38.2941
38.2941
42.0012
42.0012
42.0012
38.9472
36.8497
38.2941
38.2941
38.2941
42.0012
42.0012
42.0012
38.9472
36.8497
38.2941
38.2941
42.0012
42.0012
42.0012
38.9472
36.8497
38.9472
36.8497
36.8497
36.8497
51.0915
51.0915
36.8497
36.8497
51.0915
51.0915
36.8497
36.8497
51.0915
51.0915
31.3138
36.8497
36.8497
51.0915
51.0915
31.3138
31.3138
31.3138
31.3138
31.3138
31.3138
31.3138
31.3138
31.3138
31.3138
31.3138
31.3138
37.7003
46.4751
37.7003
46.4751
45.9153
38.1594
41.7987
37.7003
46.4751
45.9153
38.1594
41.7987
41.7987
31.3138
31.3138
31.3138
37.7003
46.4751
45.9153
45.9153
38.1594
41.7987
29.2729
29.2729
38.1594
41.7987
41.7987
41.7987
41.7987
29.2729
29.2729
29.2729
29.2729
29.2729
29.2729
29.2729
29.2729
29.2729
29.2729
29.2729
29.2729
29.2729
29.2729
36.2057
36.2057
36.2057
20.9805
20.9805
20.9805
20.9805
42.4826
38.9371
29.2729
29.2729
29.2729
29.2729
36.2057
36.2057
36.2057
20.9805
20.9805
20.9805
20.9805
42.4826
38.9371
29.2729
29.2729
29.2729
29.2729
36.2057
36.2057
36.2057
20.9805
20.9805
20.9805
20.9805
42.4826
38.9371
29.2729
29.2729
29.2729
29.2729
36.2057
36.2057
36.2057
20.9805
20.9805
20.9805
20.9805
42.4826
38.9371
34.0616
34.0616
34.0616
35.0755
35.0755
44.8205
41.3587
42.8679
44.3384
44.3384
35.0755
35.0755
44.8205
41.3587
42.8679
44.3384
44.3384
44.3384
35.0755
35.0755
44.8205
41.3587
42.8679
44.3384
44.3384
44.3384
34.2822
34.2822
34.0616
35.0755
35.0755
44.8205
41.3587
42.8679
44.3384
44.3384
44.3384
34.2822
44.3384
34.2822
34.2822
34.2822
39.2126
43.5415
41.8847
34.2822
34.2822
34.2822
39.2126
43.5415
41.8847
34.2822
34.2822
39.2126
34.2822
43.5415
39.2126
41.8847
43.5415
41.8847
40.0167
40.0167
40.0167
40.0167
40.0167
40.0167
40.0167
40.0167
40.0167
40.0167
40.0167
40.0167
40.0167
40.0167
40.0167
40.0167
40.0167
40.0167
40.0167
40.0167
40.0167
40.0167
40.0167
40.0167
40.0167
40.0167
40.0167
40.0167
40.0167
40.0167
40.0167
40.0167
40.0167
40.0167
40.0167
40.0167
40.0167
39.2837
40.0167
39.2837
24.804
40.0167
39.2837
24.804
24.804
24.804
38.3337
38.3337
24.804
38.3337
38.3337
40.0167
24.804
39.2837
38.3337
24.804
38.3337
24.804
38.3337
38.3337
38.3337
38.3337
38.3337
38.3337
38.3337
33.036
33.036
33.036
33.036
32.6153
33.036
44.9833
44.8074
41.9023
38.3337
33.036
33.036
33.036
33.036
32.6153
33.036
44.9833
44.8074
41.9023
38.3337
33.036
33.036
33.036
33.036
32.6153
33.036
44.9833
44.8074
41.9023
24.0986
38.3337
33.036
33.036
33.036
33.036
32.6153
33.036
44.9833
44.8074
41.9023
24.0986
24.0986
24.0986
24.0986
37.5119
24.0986
24.0986
24.0986
37.5119
24.0986
24.0986
37.5119
24.0986
24.0986
37.5119
32.5796
32.5796
31.0294
32.5796
31.0294
32.5796
31.0294
31.0294
31.0294
28.2341
28.2341
28.2341
28.2341
28.2341
28.2341
31.0294
28.2341
28.2341
28.2341
28.2341
28.2341
28.2341
31.0294
28.2341
28.2341
28.2341
28.2341
28.2341
28.2341
31.0294
28.2341
28.2341
28.2341
28.2341
28.2341
28.2341
28.2341
28.2341
28.2341
28.2341
28.2341
28.2341
28.2341
28.2341
25.8097
28.2341
28.2341
28.2341
28.2341
25.8097
28.2341
28.2341
28.2341
28.2341
25.8097
28.2341
28.2341
28.2341
28.2341
25.8097
28.2341
28.2341
28.2341
28.2341
28.2341
36.1216
43.6117
40.395
44.0654
42.5227
25.0134
25.0134
25.0134
28.2341
28.2341
36.1216
43.6117
40.395
44.0654
42.5227
25.0134
25.0134
25.0134
28.2341
28.2341
36.1216
43.6117
40.395
44.0654
42.5227
25.0134
25.0134
25.0134
25.0134
31.826
31.826
33.6057
28.2341
25.0134
25.0134
28.2341
31.826
31.826
28.2341
31.826
31.826
36.1216
33.6057
33.6057
43.6117
40.395
44.0654
42.5227
25.0134
25.0134
25.0134
25.0134
31.826
31.826
33.6057
33.6057
33.6057
33.6057
33.6057
33.6057
33.6057
33.6057
33.6057
33.6057
33.6057
33.6057
33.6057
33.6057
33.6057
33.6057
33.6057
33.6057
33.6057
33.6057
33.6057
33.6057
41.7008
33.6057
33.6057
33.6057
41.7008
41.7008
41.7008
41.7008
41.7008
41.7008
41.7008
41.7008
41.7008
41.7008
30.1802
30.1802
42.8822
41.7008
30.1802
30.1802
42.8822
38.6162
30.1802
30.1802
42.8822
38.6162
38.6162
30.1802
30.1802
42.8822
38.6162
38.6162
32.8123
38.6162
32.8123
38.6162
38.6162
32.8123
32.8123
32.8123
32.8123
32.8123
32.8123
32.8123
44.8551
44.4141
36.1039
24.0871
36.1039
34.3802
34.3802
32.8123
32.8123
32.8123
44.8551
44.4141
36.1039
24.0871
36.1039
34.3802
34.3802
34.3802
34.3802
35.6203
34.6608
32.8123
32.8123
32.8123
32.8123
44.8551
44.4141
36.1039
24.0871
36.1039
34.3802
34.3802
32.8123
34.3802
34.3802
32.8123
34.3802
34.3802
32.8123
35.6203
35.6203
32.8123
34.6608
34.6608
44.8551
44.4141
36.1039
24.0871
36.1039
34.3802
34.3802
34.3802
34.3802
35.6203
34.6608
27.1028
27.1028
27.1028
27.1028
27.1028
27.1028
27.1028
27.1028
27.1028
27.1028
27.1028
27.1028
27.1028
27.1028
27.1028
27.1028
27.1028
27.1028
27.1028
27.1028
27.1028
27.1028
27.1028
27.1028
27.1028
27.1028
27.1028
27.1028
27.1028
27.1028
27.1028
27.1028
39.3582
39.3582
39.3582
38.3765
33.0206
33.0206
29.9119
38.3765
33.0206
33.0206
29.9119
39.1248
39.1248
38.3765
33.0206
33.0206
29.9119
39.1248
39.3582
39.1248
39.1248
38.3765
39.1248
33.0206
33.0206
29.9119
39.1248
39.1248
39.1248
39.1248
39.1248
39.1248
39.1248
39.3004
39.1248
39.3004
39.3004
39.3004
43.2048
43.2048
38.4747
39.3004
38.4747
42.095
39.3004
43.2048
38.4747
42.095
42.095
42.095
42.095
42.095
42.095
42.095
42.095
42.095
42.095
42.095
42.095
35.9569
35.9569
35.7979
35.7979
42.095
42.095
35.7979
35.9569
35.7979
39.1248
39.1248
35.9569
39.3004
39.3004
35.9569
35.7979
43.2048
35.7979
38.4747
35.9569
42.095
42.095
42.095
42.095
42.095
35.9569
35.7979
35.7979
35.9569
35.9569
35.9569
35.9569
35.9569
35.9569
35.9569
31.4493
35.9569
35.9569
35.9569
35.9569
35.9569
35.9569
35.9569
35.9569
35.9569
35.9569
31.4493
31.4493
37.2128
35.9557
35.9557
21.6828
30.2157
31.4493
37.2128
35.9557
35.9557
21.6828
30.2157
37.2128
39.09
39.09
39.09
31.4493
31.4493
37.2128
35.9557
35.9557
21.6828
30.2157
37.2128
39.09
39.09
31.4493
31.4493
37.2128
35.9557
35.9557
21.6828
30.2157
37.2128
39.09
39.09
39.09
39.09
37.2128
39.09
39.09
39.09
39.9066
39.9066
39.9066
39.9066
39.9066
39.9066
39.9066
37.0826
27.7354
37.0826
37.0826
37.0826
37.0826
29.6338
33.4682
33.4682
33.4682
39.9066
39.9066
39.9066
39.9066
37.0826
27.7354
37.0826
37.0826
37.0826
37.0826
29.6338
33.4682
33.4682
33.4682
39.9066
39.9066
39.9066
39.9066
37.0826
27.7354
37.0826
37.0826
37.0826
37.0826
29.6338
33.4682
33.4682
33.4682
39.9066
39.9066
39.9066
39.9066
39.9066
37.0826
27.7354
37.0826
37.0826
37.0826
37.0826
29.6338
33.4682
33.4682
33.4682
30.9334
30.9334
30.9334
30.9334
44.9896
26.9983
35.2158
42.1584
42.1584
42.1584
46.1758
28.141
28.141
28.141
28.141
28.141
28.141
30.9334
44.9896
26.9983
35.2158
42.1584
42.1584
42.1584
46.1758
28.141
28.141
30.9334
44.9896
26.9983
35.2158
42.1584
42.1584
42.1584
46.1758
28.141
28.141
30.9334
28.141
28.141
30.9334
28.141
28.141
44.9896
28.141
28.141
26.9983
28.141
28.141
35.2158
42.1584
42.1584
42.1584
46.1758
28.141
28.141
28.141
28.141
28.141
28.141
32.826
32.826
32.826
32.826
34.7415
34.7415
34.7415
34.7415
34.7415
34.7415
34.7415
34.7415
34.7415
34.7415
34.7415
34.7415
34.7415
34.7415
34.7415
34.7415
34.7415
34.7415
34.7415
34.7415
34.7415
28.5749
34.7415
28.5749
26.9467
22.4784
22.4784
28.5749
26.9467
22.4784
22.4784
26.9467
34.7415
34.7415
28.5749
26.9467
22.4784
26.9467
22.4784
22.4784
26.9467
26.9467
26.9467
31.5995
26.9467
31.5995
31.5995
22.4784
26.9467
26.9467
31.5995
31.5995
26.9467
31.5995
31.5995
31.5995
31.5995
31.5995
31.5995
31.5995
36.1457
41.6837
42.0376
38.5956
30.5825
36.1457
41.6837
42.0376
38.5956
30.5825
36.1457
41.6837
42.0376
38.5956
30.5825
36.1457
41.6837
42.0376
38.5956
30.5825
42.0376
42.18
43.4159
38.7216
42.0376
42.18
43.4159
38.7216
42.0376
42.18
43.4159
38.7216
42.0376
42.18
43.4159
38.7216
42.7638
42.7638
42.7638
41.4933
41.4933
41.4933
41.4933
41.4933
41.4933
41.4933
41.4933
42.7638
41.4933
41.4933
41.4933
41.4933
41.4933
41.4933
41.4933
41.4933
47.082
23.3382
47.082
23.3382
23.3382
47.082
23.3382
23.3382
47.082
23.3382
23.3382
23.3382
23.3382
23.3382
23.3382
23.3382
23.3382
23.3382
23.3382
23.3382
23.3382
23.3382
23.3382
23.3382
41.1922
23.7223
23.7223
23.7223
45.4157
45.4157
39.2303
37.9471
37.9471
41.1922
23.7223
23.7223
23.7223
45.4157
45.4157
39.2303
37.9471
37.9471
41.1922
23.7223
23.7223
23.7223
45.4157
45.4157
39.2303
37.9471
37.9471
41.1922
23.7223
23.7223
23.7223
45.4157
45.4157
39.2303
37.9471
37.9471
37.9471
37.9471
37.9471
45.0539
45.0539
50.438
50.438
45.0539
45.0539
50.438
50.438
50.438
38.9011
45.0539
45.0539
50.438
50.438
37.9471
45.0539
45.0539
50.438
50.438
50.438
38.9011
47.195
30.3271
30.3271
50.438
38.9011
47.195
30.3271
30.3271
30.3271
33.6456
33.6456
42.6074
47.195
30.3271
30.3271
30.3271
33.6456
33.6456
42.6074
42.6074
50.438
38.9011
47.195
30.3271
30.3271
30.3271
33.6456
33.6456
42.6074
30.3271
42.6074
42.6074
33.6456
33.6456
42.6074
42.6074
42.6074
42.6074
42.6074
42.6074
32.5348
32.5348
32.5348
32.5348
32.3506
32.3506
32.5348
32.3506
32.3506
37.7631
32.5348
32.5348
32.3506
32.3506
32.5348
32.3506
32.3506
37.7631
37.7631
37.7631
37.7631
37.7631
34.1268
34.1268
37.7631
34.1268
34.1268
28.9036
34.1268
34.1268
28.9036
34.1268
35.3812
35.3812
37.7631
34.1268
34.1268
28.9036
34.1268
35.3812
34.1268
28.9036
34.1268
35.3812
35.3812
35.3812
35.3812
35.3812
35.3812
35.3812
35.3812
35.3812
35.3812
35.3812
35.3812
35.3812
35.3812
35.3812
35.3812
35.3812
44.7345
42.6737
39.2205
39.2205
40.4395
39.6873
39.6873
44.7345
42.6737
39.2205
39.2205
40.4395
39.6873
39.6873
39.6873
44.7345
42.6737
39.2205
39.2205
40.4395
39.6873
39.6873
39.6873
44.7345
42.6737
39.2205
39.2205
40.4395
39.6873
39.6873
39.6873
42.6737
42.6737
42.6737
42.6737
42.6737
42.6737
42.6737
42.6737
42.6737
39.6873
42.6737
42.6737
42.6737
34.5068
34.5068
34.5068
34.5068
30.9389
30.9389
30.9389
30.9389
30.9389
30.9389
30.9389
30.9389
23.6313
23.6313
23.6313
23.6313
36.1628
35.1783
35.1783
35.1783
35.1783
45.5443
49.0383
45.7261
45.7261
23.6313
36.1628
35.1783
35.1783
35.1783
35.1783
45.5443
49.0383
45.7261
45.7261
40.1335
37.5691
37.5691
36.7978
23.6313
36.1628
35.1783
35.1783
35.1783
35.1783
45.5443
49.0383
45.7261
45.7261
23.6313
40.1335
40.1335
23.6313
37.5691
37.5691
36.1628
37.5691
37.5691
35.1783
36.7978
36.7978
35.1783
35.1783
35.1783
45.5443
49.0383
45.7261
45.7261
40.1335
37.5691
37.5691
36.7978
36.7978
36.7978
35.9541
36.7978
35.9541
36.7978
35.9541
35.9541
35.9541
35.9541
37.5691
31.4873
35.9541
35.9541
37.5691
31.4873
35.9541
35.9541
37.5691
31.4873
35.9541
35.9541
37.5691
31.4873
31.4873
31.4873
31.4873
37.2951
37.2951
37.2951
31.4873
37.2951
37.2951
35.7917
35.7917
43.5438
49.5328
39.8602
37.2951
35.7917
35.7917
43.5438
49.5328
37.2951
35.7917
35.7917
43.5438
49.5328
39.8602
39.8602
37.2951
39.8602
35.7917
35.7917
39.8602
39.8602
43.5438
49.5328
39.8602
39.8602
39.8602
39.8602
39.8602
39.8602
