0
0
0
0
0
0
0
0
0
0
0
0
0
0
0
0
0
0
0
0
4.83349e+08
2.98508e+08
0
0
0
0
0
0
4.83349e+08
2.98508e+08
2.98605e+08
2.98605e+08
0
0
0
0
0
0
0
4.83349e+08
0
0
0
0
2.98605e+08
2.98605e+08
2.98508e+08
2.98605e+08
2.98605e+08
0
0
0
4.83349e+08
2.98508e+08
2.98605e+08
2.98605e+08
2.38111e+08
2.38111e+08
2.38111e+08
2.38111e+08
3.30053e+07
3.27713e+07
3.27713e+07
3.90126e+06
3.90126e+06
3.90126e+06
3.30053e+07
3.27713e+07
3.27713e+07
3.90126e+06
3.90126e+06
3.90126e+06
3.30053e+07
3.27713e+07
3.27713e+07
3.90126e+06
3.90126e+06
3.90126e+06
3.30053e+07
3.27713e+07
3.27713e+07
3.90126e+06
3.90126e+06
3.90126e+06
3.90126e+06
3.90126e+06
3.90126e+06
3.9187e+06
3.90126e+06
3.9187e+06
3.9187e+06
3.20337e+06
3.9187e+06
4.19183e+06
4.19183e+06
3.9187e+06
3.9187e+06
3.20337e+06
3.9187e+06
4.19183e+06
4.19183e+06
3.9187e+06
3.9187e+06
3.20337e+06
3.9187e+06
4.19183e+06
4.19183e+06
3.9187e+06
3.20337e+06
3.9187e+06
4.19183e+06
4.19183e+06
1.09135e+07
1.09135e+07
1.09135e+07
1.09135e+07
1.09546e+07
1.09546e+07
1.07078e+07
1.09546e+07
1.07078e+07
1.09546e+07
1.07078e+07
1.07078e+07
2.92902e+06
2.8699e+06
2.63652e+06
2.69278e+06
2.69278e+06
2.07526e+06
2.07526e+06
2.07526e+06
2.07526e+06
2.92902e+06
2.8699e+06
2.63652e+06
2.69278e+06
2.69278e+06
2.07526e+06
2.07526e+06
2.07526e+06
2.07526e+06
2.07526e+06
2.92902e+06
2.8699e+06
2.63652e+06
2.69278e+06
2.69278e+06
2.07526e+06
2.07526e+06
2.07526e+06
2.07526e+06
2.07526e+06
2.92902e+06
2.8699e+06
2.63652e+06
2.69278e+06
2.69278e+06
2.07526e+06
2.07526e+06
2.07526e+06
2.07526e+06
2.07526e+06
2.07526e+06
1.87003e+06
1.87003e+06
1.87003e+06
1.87003e+06
1.87003e+06
1.87003e+06
1.87003e+06
1.87003e+06
1.87003e+06
1.87003e+06
1.87003e+06
1.87003e+06
1.59309e+06
1.59309e+06
1.47523e+06
1.59309e+06
1.47523e+06
1.45333e+06
1.59309e+06
1.47523e+06
1.45333e+06
1.45333e+06
1.47523e+06
1.45333e+06
1.41002e+06
1.27789e+06
1.27789e+06
1.26347e+06
1.29786e+06
1.41002e+06
1.27789e+06
1.27789e+06
1.26347e+06
1.29786e+06
1.18238e+06
1.09774e+06
1.41002e+06
1.27789e+06
1.27789e+06
1.26347e+06
1.29786e+06
1.41002e+06
1.27789e+06
1.27789e+06
1.26347e+06
1.29786e+06
1.18238e+06
1.09774e+06
1.0324e+06
1.18238e+06
1.0324e+06
1.18238e+06
1.09774e+06
1.0324e+06
998735
847471
998735
847471
847471
793168
1.09774e+06
1.0324e+06
998735
847471
847471
998735
847471
847471
793168
847471
793168
793168
789208
789208
789208
712451
712451
688408
688408
688408
674453
674297
674297
676862
627211
543450
533425
533425
533425
789208
712451
712451
688408
688408
688408
674453
674297
674297
676862
627211
543450
533425
533425
533425
712451
712451
688408
688408
688408
674453
674297
674297
676862
627211
543450
533425
533425
533425
712451
712451
688408
688408
688408
674453
674297
674297
676862
627211
543450
533425
533425
533425
502136
502136
502136
462093
477587
451599
361337
398823
444903
371902
371902
371902
371902
323852
462093
477587
451599
361337
398823
444903
371902
371902
371902
371902
323852
316889
298936
298936
462093
477587
451599
361337
398823
444903
371902
371902
371902
371902
323852
316889
298936
298936
502136
462093
477587
451599
361337
398823
444903
371902
371902
371902
371902
323852
316889
298936
298936
316889
298936
298936
289528
289528
262388
289528
262388
289528
262388
262388
237217
237217
239047
226277
221741
217395
194728
184760
182053
182580
178345
157585
154919
237217
237217
239047
226277
221741
217395
194728
184760
182053
182580
178345
157585
154919
237217
237217
239047
226277
221741
217395
194728
184760
182053
182580
178345
157585
154919
237217
237217
239047
226277
221741
217395
194728
184760
182053
182580
178345
157585
154919
136193
133504
110786
110532
110532
110532
107220
136193
133504
110786
110532
110532
110532
107220
101227
94346.7
136193
133504
110786
110532
110532
110532
107220
101227
136193
133504
110786
110532
110532
110532
107220
101227
94346.7
101227
94346.7
94346.7
92119
87226.9
85862.3
85210.3
94346.7
92119
87226.9
85862.3
85210.3
79168.3
94346.7
94346.7
92119
87226.9
85862.3
85210.3
79168.3
94346.7
92119
87226.9
85862.3
85210.3
79168.3
79168.3
75758.2
53103
50667.4
47333
47911.8
50156.5
41270.8
75758.2
53103
50667.4
47333
47911.8
50156.5
41270.8
40867.3
75758.2
53103
50667.4
47333
47911.8
50156.5
41270.8
40867.3
40867.3
37276
37276
37276
37276
37276
37276
37739.8
34064.5
34064.5
25610.4
37739.8
34064.5
34064.5
25610.4
22229.9
37739.8
34064.5
34064.5
25610.4
22229.9
22229.9
75758.2
53103
50667.4
47333
47911.8
50156.5
41270.8
40867.3
37276
37276
37739.8
34064.5
34064.5
25610.4
22229.9
22229.9
22229.9
22229.9
22229.9
25234.3
22229.9
25234.3
18577.3
22229.9
25234.3
18577.3
22229.9
22229.9
25234.3
18577.3
18234.1
18577.3
18153.3
18577.3
18234.1
18153.3
18577.3
14030.6
12744.6
12744.6
18234.1
18153.3
18577.3
14030.6
12744.6
12744.6
14030.6
12744.6
12744.6
13150.1
12192.3
11197.9
11197.9
8704.68
13150.1
18234.1
18153.3
18577.3
14030.6
12744.6
13150.1
12192.3
11197.9
11197.9
8704.68
12192.3
11197.9
11197.9
8704.68
12744.6
13150.1
12192.3
11197.9
11197.9
8704.68
8704.68
8704.68
8704.68
8704.68
8960.6
8960.6
4182.59
4182.59
8960.6
8960.6
4182.59
4182.59
4182.59
4917.29
3216.59
8960.6
8960.6
4182.59
4182.59
4182.59
4917.29
3216.59
3216.59
3216.59
8960.6
8960.6
4182.59
4182.59
4182.59
4917.29
3216.59
3216.59
3216.59
4182.59
4917.29
3216.59
3216.59
3216.59
3509.02
3216.59
3216.59
3509.02
3216.59
3462.26
3216.59
3462.26
3195.29
3216.59
3216.59
3195.29
3216.59
3216.59
3216.59
3216.59
3509.02
3509.02
3462.26
3462.26
3195.29
3195.29
2440.12
2440.12
2440.12
2440.12
2440.12
2440.12
2440.12
2440.12
2440.12
2440.12
1988.18
2440.12
2440.12
1988.18
1999.28
1451.52
1601.1
1639.75
1437.1
1346.29
1988.18
1999.28
1451.52
1601.1
1639.75
1437.1
1346.29
1988.18
1999.28
1451.52
1601.1
1639.75
1437.1
1346.29
1999.28
1451.52
1601.1
1639.75
1437.1
1346.29
1222.96
1041.6
1222.96
1041.6
1222.96
1041.6
1041.6
1041.6
1041.6
1041.6
1222.96
1041.6
1041.6
1041.6
903.935
1041.6
903.935
903.935
1041.6
903.935
589.771
589.771
589.771
589.771
589.771
589.771
920.391
583.322
503.779
701.463
701.463
749.981
618.477
729.906
729.906
570.951
570.951
460.972
532.061
920.391
583.322
503.779
701.463
701.463
749.981
618.477
729.906
729.906
570.951
920.391
583.322
503.779
701.463
701.463
749.981
618.477
729.906
729.906
589.771
589.771
920.391
583.322
503.779
701.463
570.951
460.972
532.061
570.951
570.951
460.972
532.061
701.463
749.981
618.477
729.906
729.906
570.951
570.951
460.972
532.061
532.061
502.968
500.96
407.155
407.155
407.155
407.155
407.155
407.155
407.155
407.155
532.061
502.968
500.96
407.155
407.155
407.155
407.155
407.155
407.155
407.155
407.155
532.061
502.968
500.96
407.155
407.155
407.155
407.155
407.155
407.155
407.155
407.155
497.838
373.809
384.621
384.621
532.061
502.968
500.96
407.155
407.155
407.155
407.155
497.838
373.809
384.621
384.621
497.838
373.809
384.621
384.621
407.155
407.155
407.155
407.155
497.838
373.809
384.621
384.621
384.621
384.621
384.621
384.621
342.87
384.621
342.87
384.621
375.702
231.574
231.574
231.574
231.574
231.574
231.574
231.574
231.574
342.87
384.621
375.702
231.574
231.574
231.574
231.574
231.574
342.87
384.621
375.702
231.574
231.574
231.574
231.574
231.574
231.574
231.574
231.574
286.539
321.272
321.272
375.702
286.539
231.574
231.574
321.272
321.272
231.574
231.574
231.574
231.574
286.539
231.574
321.272
231.574
321.272
231.574
231.574
231.574
286.539
321.272
321.272
321.272
321.272
321.272
321.272
371.818
371.818
313.359
371.818
421.235
433.791
357.353
357.353
414.088
414.088
408.53
469.732
401.375
321.272
371.818
371.818
313.359
371.818
421.235
433.791
357.353
357.353
414.088
321.272
371.818
371.818
313.359
371.818
421.235
433.791
357.353
357.353
414.088
321.272
321.272
371.818
371.818
313.359
371.818
421.235
414.088
408.53
469.732
401.375
414.088
408.53
469.732
401.375
433.791
357.353
357.353
414.088
414.088
408.53
469.732
401.375
312.175
312.175
312.175
312.175
312.175
434.09
434.09
383.423
419.341
312.175
434.09
434.09
383.423
419.341
419.341
312.175
434.09
434.09
383.423
419.341
312.175
434.09
434.09
383.423
419.341
419.341
421.196
351.449
351.449
419.341
421.196
351.449
351.449
328.594
328.594
298.783
333.596
421.196
351.449
351.449
328.594
328.594
298.783
333.596
333.596
419.341
421.196
351.449
351.449
328.594
328.594
298.783
333.596
333.596
333.596
328.594
328.594
298.783
333.596
333.596
333.596
333.596
333.596
333.596
362.494
417.523
324.077
324.077
324.077
324.077
311.028
362.494
417.523
324.077
324.077
324.077
324.077
311.028
362.494
417.523
324.077
324.077
324.077
324.077
311.028
362.494
417.523
324.077
324.077
324.077
324.077
311.028
311.028
311.028
311.028
311.028
316.812
196.105
196.105
311.028
316.812
196.105
196.105
311.028
316.812
196.105
196.105
284.323
284.323
311.028
311.028
316.812
196.105
284.323
284.323
284.323
284.323
196.105
284.323
284.323
284.323
284.323
422.173
433.469
331.718
331.718
331.718
276.765
256.474
324.421
324.421
324.421
325.018
250.19
250.19
284.323
284.323
422.173
433.469
331.718
331.718
331.718
276.765
256.474
324.421
324.421
324.421
325.018
250.19
250.19
284.323
284.323
284.323
284.323
422.173
422.173
433.469
433.469
331.718
331.718
331.718
331.718
331.718
331.718
276.765
276.765
256.474
256.474
324.421
324.421
324.421
324.421
324.421
324.421
325.018
325.018
250.19
250.19
250.19
250.19
250.19
250.19
250.19
250.19
250.19
250.19
250.19
250.19
365.749
315.848
315.848
315.848
365.749
315.848
315.848
315.848
365.749
315.848
315.848
315.848
365.749
315.848
315.848
315.848
345.929
345.929
345.929
271.143
345.929
271.143
271.143
271.143
347.937
343.638
326.781
295.548
295.548
295.548
295.548
347.937
343.638
326.781
295.548
295.548
295.548
295.548
347.937
343.638
326.781
295.548
295.548
295.548
295.548
347.937
343.638
326.781
295.548
295.548
295.548
295.548
340.28
340.28
340.28
340.28
340.28
340.28
340.28
340.28
340.28
340.28
340.28
340.28
401.84
401.84
401.84
430.436
430.436
248.754
248.754
248.754
248.754
248.754
305.356
401.84
430.436
248.754
248.754
248.754
248.754
248.754
305.356
305.356
430.436
248.754
248.754
248.754
248.754
248.754
305.356
248.754
248.754
248.754
305.356
302.41
263.239
302.41
263.239
263.239
305.356
302.41
263.239
263.239
263.239
248.754
248.754
305.356
305.356
302.41
263.239
263.239
263.239
263.239
263.239
263.239
263.239
263.239
334.933
263.239
334.933
429.377
263.239
334.933
429.377
492.123
334.933
429.377
492.123
429.377
492.123
469.518
469.518
492.123
469.518
469.518
469.518
294.986
363.914
367.542
367.542
274.919
274.919
469.518
469.518
469.518
294.986
363.914
367.542
367.542
274.919
274.919
469.518
469.518
294.986
363.914
367.542
367.542
274.919
274.919
274.919
469.518
469.518
294.986
363.914
367.542
367.542
274.919
274.919
274.919
274.919
274.919
211.223
211.223
241.935
211.223
241.935
211.223
241.935
241.935
241.935
305.615
305.615
305.615
305.615
375.371
245.91
245.91
241.935
305.615
305.615
305.615
305.615
375.371
245.91
245.91
382.92
241.935
305.615
305.615
305.615
305.615
375.371
245.91
245.91
382.92
241.935
305.615
305.615
305.615
305.615
375.371
245.91
245.91
382.92
382.92
382.072
382.92
424.107
297.685
382.072
382.92
424.107
297.685
382.072
382.92
424.107
297.685
382.072
382.92
424.107
297.685
291.101
291.101
291.101
291.101
291.101
291.101
291.101
281.711
253.794
253.794
253.794
320.089
288.79
291.101
291.101
291.101
291.101
281.711
253.794
253.794
253.794
320.089
288.79
288.79
288.79
366.283
308.521
291.101
291.101
291.101
291.101
281.711
253.794
253.794
253.794
320.089
288.79
291.101
291.101
291.101
291.101
291.101
281.711
288.79
288.79
366.283
308.521
288.79
288.79
366.283
308.521
253.794
253.794
253.794
320.089
288.79
288.79
288.79
366.283
308.521
308.521
308.521
308.521
308.521
308.521
308.521
308.521
308.521
308.521
350.613
335.149
335.149
308.521
350.613
335.149
335.149
308.521
350.613
335.149
335.149
308.521
350.613
335.149
335.149
335.149
335.149
335.149
350.613
269.297
335.149
350.613
269.297
282.749
350.613
269.297
282.749
350.613
269.297
282.749
282.749
282.749
400.49
359.879
359.879
314.671
282.749
400.49
359.879
359.879
314.671
282.749
400.49
359.879
359.879
314.671
282.749
400.49
359.879
359.879
314.671
314.671
314.671
314.671
300.839
300.839
300.839
300.839
373.828
250.248
275.01
275.01
275.01
253.597
314.671
314.671
314.671
300.839
300.839
300.839
300.839
373.828
250.248
275.01
314.671
314.671
314.671
300.839
300.839
300.839
300.839
373.828
250.248
275.01
253.597
275.01
275.01
314.671
314.671
293.851
275.01
275.01
314.671
300.839
300.839
300.839
253.597
253.597
293.851
253.597
253.597
293.851
300.839
373.828
250.248
275.01
275.01
275.01
253.597
253.597
293.851
293.851
293.851
293.851
293.851
293.851
293.851
293.851
368.421
380.099
293.851
293.851
293.851
368.421
380.099
333.614
338.543
293.851
293.851
293.851
368.421
380.099
293.851
293.851
293.851
368.421
380.099
333.614
338.543
333.614
338.543
299.905
243.113
320.83
329.736
329.736
332.537
299.905
243.113
320.83
329.736
329.736
332.537
334.246
333.614
338.543
299.905
243.113
320.83
329.736
329.736
332.537
299.905
334.246
334.246
243.113
320.83
329.736
329.736
332.537
334.246
334.246
334.246
334.246
263.425
263.425
277.541
277.541
277.541
224.677
224.677
224.677
205.908
205.908
205.908
205.908
256.406
280.974
263.425
263.425
277.541
277.541
277.541
224.677
224.677
224.677
205.908
205.908
263.425
263.425
277.541
277.541
277.541
224.677
224.677
224.677
205.908
205.908
334.246
263.425
263.425
277.541
277.541
277.541
224.677
205.908
205.908
256.406
280.974
205.908
205.908
256.406
280.974
224.677
224.677
205.908
205.908
205.908
205.908
256.406
280.974
232.621
232.621
232.621
232.621
232.621
232.621
232.621
317.406
317.406
232.621
232.621
232.621
317.406
317.406
232.621
232.621
232.621
317.406
317.406
267.67
267.67
232.621
232.621
232.621
317.406
317.406
267.67
267.67
267.67
267.67
325.911
300.34
300.34
325.911
267.67
325.911
300.34
300.34
325.911
325.911
267.67
325.911
300.34
300.34
325.911
325.911
325.911
300.34
300.34
325.911
325.911
295.054
325.911
295.054
325.911
295.054
325.911
325.911
325.911
295.054
295.054
295.054
295.054
295.054
295.054
295.054
295.054
295.054
300.988
290.46
304.606
298.376
298.376
298.376
301.259
301.259
300.988
290.46
304.606
298.376
298.376
298.376
301.259
301.259
202.806
300.988
290.46
304.606
298.376
298.376
298.376
301.259
301.259
202.806
300.988
290.46
304.606
298.376
298.376
298.376
301.259
301.259
202.806
202.806
198.493
198.493
198.493
198.493
202.806
202.806
202.806
202.806
202.806
202.806
202.806
202.806
202.806
202.806
202.806
202.806
202.806
202.806
355.15
202.806
355.15
202.806
355.15
355.15
363.553
363.553
363.553
372.709
363.553
372.709
242.911
242.911
372.709
242.911
242.911
242.911
372.709
242.911
242.911
242.911
242.911
242.911
242.911
242.911
242.911
242.911
242.911
242.911
242.911
242.911
242.911
242.911
297.825
297.825
297.825
297.825
297.825
297.825
297.825
297.825
217.624
217.624
181.201
181.201
181.201
297.825
217.624
181.201
181.201
297.825
181.201
297.825
297.825
217.624
181.201
181.201
181.201
217.658
262.711
181.201
217.658
262.711
181.201
217.658
262.711
262.711
195.302
195.302
262.711
195.302
262.711
195.302
195.302
195.302
352.498
352.498
366.024
356.16
352.498
366.024
356.16
366.024
356.16
327.059
327.059
327.059
239.858
327.059
239.858
327.059
239.858
239.858
327.059
239.858
239.858
239.858
239.858
181.201
239.858
217.658
262.711
239.858
239.858
239.858
262.711
195.302
195.302
352.498
366.024
356.16
327.059
327.059
239.858
239.858
239.858
239.858
239.858
239.858
239.858
239.858
239.858
239.858
239.858
239.858
239.858
239.858
239.858
239.858
239.858
239.858
239.858
239.858
239.858
239.858
239.858
239.858
234.652
239.858
239.858
239.858
239.858
239.858
239.858
234.652
239.858
234.652
223.385
223.385
223.385
223.385
239.858
234.652
223.385
223.385
223.385
386.109
223.385
223.385
223.385
386.109
344.662
323.543
223.385
386.109
344.662
323.543
336.195
223.385
386.109
344.662
323.543
336.195
344.662
336.195
323.543
336.195
336.195
328.483
328.483
326.18
297.036
297.036
276.375
276.375
298.136
306.059
226.347
336.195
328.483
328.483
326.18
297.036
297.036
276.375
276.375
298.136
306.059
226.347
226.347
306.059
334.332
334.332
336.195
328.483
328.483
326.18
297.036
297.036
276.375
276.375
298.136
306.059
226.347
336.195
226.347
226.347
328.483
306.059
306.059
328.483
334.332
334.332
326.18
334.332
334.332
297.036
297.036
276.375
276.375
298.136
306.059
226.347
226.347
306.059
334.332
334.332
274.766
274.766
274.766
264.7
242.352
242.352
242.352
242.352
223.524
264.7
242.352
242.352
242.352
264.7
242.352
242.352
242.352
274.766
242.352
242.352
264.7
242.352
242.352
242.352
242.352
223.524
223.524
223.524
223.524
223.524
319.131
189.212
189.212
189.212
324.918
274.742
223.524
223.524
223.524
319.131
189.212
189.212
189.212
324.918
223.524
223.524
223.524
319.131
189.212
189.212
189.212
324.918
319.131
274.742
274.742
189.212
189.212
189.212
324.918
274.742
223.36
223.36
223.36
223.36
223.36
223.36
223.36
223.36
223.36
223.36
223.36
223.36
223.36
223.36
317.265
241.352
241.352
241.352
317.391
317.391
317.391
315.375
315.375
317.265
241.352
241.352
241.352
317.391
317.391
317.391
315.375
315.375
208.892
208.892
223.36
317.265
241.352
241.352
241.352
317.391
317.391
317.391
315.375
315.375
208.892
208.892
223.36
317.265
241.352
241.352
241.352
317.391
317.391
317.391
315.375
315.375
208.892
208.892
208.892
208.892
239.317
239.317
239.317
239.317
239.317
239.317
264.356
264.356
331.344
331.344
298.005
298.005
376.88
239.317
239.317
239.317
264.356
264.356
331.344
331.344
298.005
298.005
376.88
241.469
260.829
260.829
260.829
239.317
239.317
239.317
264.356
264.356
331.344
331.344
298.005
298.005
376.88
239.317
241.469
241.469
239.317
260.829
260.829
239.317
260.829
260.829
239.317
260.829
264.356
260.829
264.356
331.344
331.344
298.005
298.005
376.88
241.469
260.829
260.829
260.829
354.22
354.22
354.22
354.22
354.22
376.663
295.109
354.22
376.663
295.109
354.22
376.663
295.109
354.22
376.663
295.109
295.109
295.109
295.109
295.109
295.109
347.34
354.93
354.93
354.93
366.115
366.115
381.927
325.911
412.07
295.109
347.34
354.93
354.93
354.93
366.115
366.115
381.927
325.911
412.07
295.109
347.34
354.93
354.93
354.93
366.115
366.115
381.927
325.911
412.07
295.109
347.34
354.93
354.93
354.93
366.115
366.115
381.927
325.911
412.07
349.957
349.957
360.662
349.957
360.662
349.957
360.662
360.662
248.789
248.789
248.789
248.789
360.662
239.183
248.789
248.789
248.789
248.789
360.662
239.183
248.789
248.789
248.789
248.789
360.662
239.183
271.442
248.789
248.789
248.789
248.789
360.662
239.183
271.442
271.442
271.442
271.442
263.281
351.973
271.442
271.442
263.281
351.973
271.442
271.442
263.281
351.973
271.442
271.442
271.442
248.024
248.024
248.024
248.024
248.024
248.024
263.281
351.973
248.024
248.024
248.024
248.024
248.024
248.024
360.12
360.12
330.108
310.03
310.03
248.024
360.12
360.12
330.108
310.03
310.03
242.37
277.151
270.27
248.024
360.12
360.12
330.108
310.03
310.03
248.024
248.024
360.12
360.12
330.108
310.03
242.37
277.151
270.27
247.302
255.095
205.802
247.302
255.095
205.802
297.952
296.333
242.37
277.151
270.27
247.302
255.095
205.802
310.03
242.37
297.952
296.333
297.952
296.333
277.151
270.27
247.302
255.095
205.802
297.952
296.333
296.333
296.333
296.333
242.268
372.98
372.655
372.655
372.655
372.655
372.655
372.655
278.143
278.143
242.268
372.98
372.655
372.655
372.655
372.655
372.655
372.655
278.143
278.143
242.268
372.98
372.655
372.655
372.655
372.655
372.655
372.655
278.143
278.143
278.143
278.143
261.178
261.178
296.333
278.143
278.143
242.268
278.143
278.143
372.98
261.178
261.178
372.655
261.178
261.178
372.655
372.655
372.655
372.655
372.655
278.143
278.143
278.143
278.143
261.178
261.178
251.528
251.528
251.528
251.528
251.528
307.932
318.186
318.186
310.76
251.528
307.932
318.186
318.186
310.76
251.528
307.932
318.186
318.186
310.76
251.528
307.932
318.186
318.186
310.76
336.225
336.225
397.904
336.225
397.904
397.904
336.225
397.904
380.687
391.722
391.722
380.687
391.722
391.722
397.967
380.687
391.722
391.722
397.967
380.687
391.722
391.722
397.967
397.967
397.967
397.967
397.967
487.042
397.967
487.042
487.042
487.042
467.619
467.619
467.619
467.619
232.621
232.621
308.459
232.621
308.459
232.621
308.459
308.459
330.357
271.343
315.765
315.765
392.898
271.947
271.947
306.907
308.459
330.357
271.343
315.765
315.765
392.898
271.947
271.947
306.907
247.149
247.149
247.149
307.758
308.459
330.357
271.343
315.765
315.765
392.898
271.947
271.947
306.907
308.459
247.149
247.149
308.459
247.149
247.149
330.357
247.149
247.149
271.343
307.758
307.758
315.765
315.765
392.898
271.947
271.947
306.907
247.149
247.149
247.149
307.758
307.758
307.758
307.758
307.758
350.116
314.661
314.661
314.661
350.116
314.661
314.661
314.661
350.116
314.661
314.661
314.661
314.661
350.116
314.661
314.661
314.661
314.661
314.661
256.845
252.118
297.382
297.382
352.622
254.878
256.845
252.118
297.382
297.382
352.622
254.878
311.252
301.658
268.754
256.845
252.118
297.382
297.382
352.622
254.878
311.252
314.661
311.252
301.658
256.845
301.658
252.118
268.754
268.754
297.382
297.382
352.622
254.878
311.252
301.658
268.754
243.996
243.996
243.996
243.996
243.996
243.996
243.996
243.996
243.996
243.996
243.996
243.996
243.996
243.996
243.996
361.037
361.037
243.996
361.037
361.037
361.037
361.037
265.88
361.037
361.037
361.037
265.88
361.037
361.037
265.88
361.037
265.88
265.88
265.88
265.88
337.989
337.989
337.989
337.989
265.88
337.989
337.989
337.989
337.989
337.989
325.313
337.989
337.989
325.313
325.313
325.313
325.313
398.883
337.989
325.313
325.313
325.313
398.883
398.883
398.883
347.27
347.27
347.27
387.325
367.338
365.175
365.175
363.108
309.922
305.967
305.967
305.967
305.967
387.325
367.338
365.175
365.175
363.108
309.922
305.967
305.967
305.967
305.967
305.967
290.294
267.69
290.294
387.325
367.338
365.175
365.175
363.108
309.922
305.967
305.967
305.967
305.967
347.27
305.967
305.967
387.325
290.294
290.294
367.338
267.69
267.69
365.175
290.294
290.294
365.175
363.108
309.922
305.967
305.967
305.967
305.967
305.967
290.294
267.69
290.294
290.294
274.092
290.294
290.294
274.092
290.294
340.942
290.294
274.092
290.294
340.942
290.294
274.092
290.294
340.942
340.942
340.942
340.942
340.942
340.942
290.698
358.26
358.26
328.695
328.251
290.698
358.26
358.26
328.695
328.251
290.698
358.26
358.26
328.695
328.251
290.698
358.26
358.26
328.695
328.251
358.26
358.26
371.772
363.968
184.777
181.664
358.26
371.772
363.968
184.777
181.664
358.26
371.772
363.968
184.777
181.664
371.772
363.968
184.777
181.664
184.777
184.777
184.777
184.777
400.218
400.218
400.218
288.438
288.438
417.021
299.914
299.914
299.914
288.438
288.438
417.021
299.914
299.914
299.914
339.312
339.312
288.438
288.438
417.021
299.914
299.914
299.914
339.312
400.218
288.438
288.438
417.021
299.914
299.914
299.914
339.312
339.312
339.312
339.312
339.312
285.625
285.625
285.625
272.789
339.312
339.312
285.625
285.625
285.625
272.789
339.312
339.312
285.625
285.625
285.625
285.625
285.625
285.625
272.789
272.789
272.789
272.789
231.54
272.789
231.54
272.789
231.54
231.54
231.54
231.54
271.615
272.789
272.789
272.789
231.54
231.54
271.615
272.789
272.789
272.789
272.789
231.54
231.54
271.615
272.789
272.789
272.789
272.789
231.54
231.54
271.615
272.789
272.789
272.789
272.789
272.789
333.399
363.664
336.159
336.159
333.399
363.664
336.159
336.159
333.399
363.664
336.159
336.159
333.399
363.664
336.159
336.159
300.447
300.447
300.447
300.447
359.345
359.345
359.345
359.345
388.897
388.897
388.897
388.897
302.946
274.912
427.886
427.886
273.683
388.897
302.946
274.912
427.886
427.886
273.683
273.683
273.683
388.897
302.946
274.912
427.886
427.886
273.683
388.897
388.897
302.946
274.912
427.886
273.683
273.683
273.683
273.683
273.683
273.683
427.886
273.683
273.683
273.683
304.303
304.303
364.905
304.303
304.303
364.905
273.683
359.068
359.068
273.683
304.303
359.068
359.068
304.303
304.303
304.303
364.905
364.905
359.068
359.068
359.068
359.068
398.732
398.732
398.732
398.732
398.732
398.732
398.732
398.732
417.056
317.611
317.611
317.611
317.611
317.611
417.056
317.611
317.611
317.611
317.611
317.611
253.894
417.056
317.611
317.611
317.611
317.611
317.611
253.894
417.056
317.611
317.611
317.611
317.611
317.611
253.894
253.894
292.354
292.354
292.354
292.354
368.083
348.744
292.354
292.354
292.354
292.354
368.083
348.744
292.354
292.354
292.354
292.354
368.083
348.744
292.354
292.354
292.354
292.354
368.083
348.744
348.744
348.744
348.744
300.59
348.744
300.59
300.59
348.744
307.462
348.744
348.744
307.462
348.744
348.744
307.462
348.744
300.59
348.744
307.462
348.744
327.384
327.384
305.448
312.276
327.384
305.448
312.276
208.132
327.384
305.448
312.276
208.132
305.448
312.276
208.132
208.132
197.084
197.084
197.084
197.084
208.132
197.084
197.084
197.084
208.132
197.084
197.084
197.084
197.084
197.084
208.132
409.736
307.625
409.736
307.625
208.132
409.736
409.736
307.625
307.625
315.728
315.728
387.656
387.656
343.505
343.505
252.859
252.859
252.859
252.859
240.715
240.715
240.715
240.715
315.728
315.728
387.656
387.656
343.505
343.505
252.859
252.859
252.859
252.859
315.728
315.728
387.656
387.656
343.505
343.505
252.859
252.859
252.859
252.859
315.728
315.728
252.859
240.715
240.715
240.715
240.715
387.656
387.656
343.505
343.505
252.859
252.859
240.715
240.715
252.859
240.715
240.715
252.859
252.859
252.859
240.715
240.715
240.715
240.715
252.859
252.859
252.859
252.859
378.336
378.336
252.859
378.336
378.336
330.143
330.143
254.242
254.242
330.143
314.756
259.662
259.662
259.662
296.623
296.623
330.513
330.143
330.143
254.242
254.242
330.143
314.756
259.662
259.662
259.662
296.623
296.623
330.513
348.331
330.143
330.143
254.242
254.242
330.143
314.756
259.662
259.662
259.662
296.623
296.623
330.513
348.331
330.143
330.143
254.242
254.242
330.143
314.756
259.662
259.662
259.662
296.623
296.623
330.513
348.331
348.331
187.19
187.19
187.19
187.19
187.19
187.19
187.19
187.19
187.19
187.19
187.19
187.19
187.19
187.19
187.19
187.19
187.19
187.19
187.19
187.19
187.19
187.19
187.19
187.19
187.19
187.19
187.19
187.19
187.19
259.228
259.228
187.19
187.19
259.228
187.19
187.19
259.228
187.19
259.228
259.228
187.19
187.19
259.228
259.228
228.018
228.018
228.018
228.018
228.018
228.018
228.018
228.018
228.018
228.018
228.018
228.018
228.018
228.018
228.018
228.018
228.018
228.018
250.566
228.018
250.566
228.018
250.566
250.566
227.225
256.104
256.104
221.505
221.505
221.505
230.505
230.505
227.225
256.104
256.104
221.505
221.505
221.505
230.505
230.505
250.291
227.225
256.104
256.104
221.505
221.505
221.505
230.505
230.505
250.291
227.225
256.104
256.104
221.505
221.505
221.505
230.505
230.505
250.291
250.291
250.291
254.935
254.935
254.935
250.291
254.935
254.935
254.935
250.291
254.935
254.935
254.935
250.291
254.935
254.935
254.935
278.841
285.111
262.218
262.218
262.218
262.218
262.218
262.218
278.841
285.111
262.218
262.218
262.218
262.218
262.218
262.218
278.841
285.111
262.218
262.218
262.218
262.218
262.218
262.218
318.696
278.841
285.111
262.218
262.218
262.218
262.218
262.218
318.696
288.166
288.166
305.642
279.391
318.696
288.166
288.166
305.642
279.391
262.218
318.696
279.391
286.691
279.391
286.691
288.166
288.166
288.166
288.166
305.642
305.642
279.391
279.391
279.391
279.391
286.691
286.691
286.691
286.691
247.472
286.691
247.472
286.691
247.472
247.472
286.691
286.691
286.691
286.691
286.691
286.691
179.331
174.362
247.472
286.691
286.691
286.691
286.691
286.691
286.691
179.331
174.362
181.975
181.975
181.975
181.975
247.472
286.691
286.691
286.691
286.691
286.691
286.691
179.331
174.362
181.975
247.472
181.975
181.975
247.472
286.691
181.975
181.975
181.975
181.975
286.691
181.975
286.691
286.691
286.691
286.691
179.331
174.362
181.975
181.975
181.975
181.975
181.975
181.975
181.975
181.975
181.975
391.018
380.858
380.858
379.328
400.496
400.496
400.496
377.512
318.59
388.276
387.066
307.073
181.975
181.975
391.018
380.858
380.858
379.328
400.496
400.496
400.496
377.512
181.975
181.975
391.018
380.858
380.858
379.328
400.496
400.496
400.496
377.512
181.975
318.59
318.59
181.975
388.276
388.276
181.975
387.066
387.066
391.018
307.073
307.073
380.858
380.858
379.328
400.496
400.496
400.496
377.512
318.59
388.276
387.066
307.073
307.073
307.073
198.224
307.073
307.073
198.224
198.224
198.224
198.224
198.224
198.224
198.224
198.224
198.224
389.866
409.329
409.329
389.866
409.329
409.329
198.224
198.224
389.866
409.329
409.329
389.866
409.329
409.329
308.622
308.622
321.655
321.655
279.183
279.183
271.191
272.634
308.622
321.655
321.655
279.183
279.183
271.191
272.634
243.533
308.622
321.655
321.655
279.183
279.183
271.191
272.634
321.655
321.655
279.183
279.183
271.191
272.634
243.533
243.533
243.533
243.533
243.533
243.533
243.533
357.336
357.336
427.955
345.006
357.336
357.336
427.955
345.006
313.594
357.336
357.336
427.955
345.006
313.594
357.336
357.336
427.955
345.006
313.594
313.594
313.594
313.594
313.594
313.594
313.594
337.764
313.594
337.764
337.764
483.326
313.594
313.594
337.764
483.326
401.15
268.319
483.326
401.15
268.319
430.527
389.436
389.436
483.326
401.15
268.319
430.527
389.436
389.436
401.15
268.319
430.527
389.436
389.436
430.527
389.436
389.436
389.436
389.436
389.436
389.436
389.436
389.436
389.436
389.436
414.952
414.952
497.382
392.228
264.976
414.952
414.952
497.382
392.228
264.976
414.952
414.952
497.382
392.228
264.976
414.952
414.952
497.382
392.228
264.976
351.604
351.604
351.604
351.604
351.604
268.039
268.039
275.182
305.325
351.604
268.039
268.039
275.182
305.325
287.883
351.604
268.039
268.039
275.182
305.325
351.604
268.039
268.039
275.182
305.325
287.883
287.883
287.883
287.883
287.883
287.883
287.883
370.169
348.646
348.646
348.646
370.169
348.646
348.646
348.646
370.169
348.646
348.646
348.646
370.169
348.646
348.646
348.646
442.004
442.004
485.263
442.004
442.004
485.263
442.004
442.004
485.263
485.263
485.263
485.263
442.004
442.004
485.263
485.263
485.263
485.263
379.023
379.023
379.023
379.023
379.023
379.023
379.023
379.023
293.932
442.937
379.023
379.023
379.023
379.023
293.932
442.937
485.263
485.263
379.023
379.023
379.023
379.023
293.932
293.932
442.937
442.937
442.937
490.284
431.16
319.158
319.158
319.158
319.158
319.158
488.648
401.017
340.631
442.937
490.284
431.16
319.158
319.158
319.158
319.158
319.158
488.648
401.017
340.631
340.631
366.28
366.28
289.878
442.937
490.284
431.16
319.158
319.158
319.158
319.158
319.158
488.648
401.017
340.631
442.937
340.631
340.631
490.284
366.28
366.28
431.16
366.28
366.28
319.158
289.878
289.878
319.158
319.158
319.158
319.158
488.648
401.017
340.631
340.631
366.28
366.28
289.878
289.878
289.878
289.878
289.878
359.437
359.437
390.206
390.036
359.437
359.437
390.206
390.036
359.437
359.437
390.206
390.036
359.437
359.437
390.206
390.036
334.494
334.494
440.829
440.829
335.818
335.818
334.494
334.494
440.829
440.829
335.818
335.818
334.494
334.494
440.829
440.829
335.818
335.818
334.494
334.494
440.829
440.829
335.818
335.818
272.859
272.859
272.859
252.529
252.529
272.859
252.529
252.529
252.529
252.529
335.818
252.529
335.818
252.529
335.818
335.818
372.467
372.467
372.467
302.819
372.467
302.819
302.819
302.819
296.6
296.6
296.6
296.6
285.917
285.917
272.344
244.489
285.917
285.917
272.344
244.489
285.917
285.917
272.344
244.489
244.489
285.917
285.917
272.344
244.489
244.489
244.489
244.489
244.489
244.489
244.489
244.489
244.489
244.489
244.489
244.489
293.441
293.441
244.489
244.489
244.489
244.489
244.489
244.489
293.441
293.441
293.441
293.441
244.489
293.441
244.489
293.441
293.441
293.441
293.441
293.441
273.788
273.788
273.788
293.441
215.053
215.053
215.053
215.053
215.053
215.053
215.053
215.053
215.053
215.053
259.797
259.797
259.797
293.441
215.053
215.053
215.053
215.053
215.053
215.053
215.053
215.053
215.053
293.441
215.053
215.053
215.053
215.053
215.053
215.053
215.053
215.053
215.053
273.788
215.053
215.053
293.441
215.053
259.797
259.797
215.053
259.797
259.797
215.053
259.797
259.797
215.053
215.053
215.053
215.053
215.053
215.053
215.053
259.797
259.797
259.797
259.797
259.797
259.797
259.797
259.797
295.788
295.788
295.788
295.788
295.788
295.788
295.788
309.702
259.797
259.797
295.788
295.788
295.788
295.788
295.788
295.788
295.788
309.702
259.797
259.797
295.788
295.788
295.788
295.788
295.788
295.788
295.788
309.702
309.702
309.702
332.256
332.256
259.797
259.797
309.702
309.702
259.797
295.788
295.788
309.702
332.256
332.256
309.702
332.256
332.256
295.788
295.788
295.788
295.788
295.788
309.702
309.702
309.702
332.256
332.256
332.256
332.256
332.256
358.33
332.256
358.33
358.33
356.723
290.653
290.653
290.653
385.689
402.197
272.602
278.559
278.559
356.723
290.653
290.653
290.653
385.689
402.197
272.602
278.559
278.559
296.12
296.12
212.676
356.723
290.653
290.653
290.653
385.689
402.197
272.602
278.559
278.559
358.33
356.723
290.653
296.12
296.12
212.676
296.12
296.12
212.676
212.676
290.653
212.676
212.676
290.653
385.689
402.197
272.602
278.559
278.559
296.12
296.12
212.676
212.676
212.676
212.676
212.676
212.676
212.676
212.676
212.676
212.676
212.676
212.676
212.676
212.676
319.298
319.298
319.298
212.676
212.676
212.676
212.676
319.298
319.867
263.115
319.867
263.115
311.279
294.063
294.063
221.817
319.867
263.115
311.279
294.063
294.063
221.817
221.817
319.867
263.115
311.279
294.063
294.063
221.817
221.817
311.279
294.063
294.063
221.817
221.817
294.063
297.743
297.743
294.063
297.743
297.743
294.063
297.743
297.743
221.817
294.063
297.743
297.743
224.244
224.244
224.244
224.244
224.244
224.244
224.244
306.544
312.988
265.796
265.796
333.298
336.91
291.499
336.91
277.999
224.244
224.244
224.244
224.244
306.544
312.988
265.796
265.796
333.298
224.244
224.244
224.244
224.244
306.544
312.988
265.796
265.796
333.298
224.244
224.244
224.244
289.176
336.91
291.499
336.91
291.499
224.244
224.244
306.544
336.91
277.999
289.176
336.91
277.999
289.176
312.988
265.796
265.796
333.298
336.91
291.499
336.91
277.999
289.176
336.91
294.536
294.536
316.575
316.575
316.575
357.884
489.025
255.529
255.529
255.529
335.377
335.377
287.753
335.142
336.91
294.536
294.536
316.575
316.575
316.575
357.884
489.025
255.529
255.529
255.529
336.91
294.536
294.536
316.575
316.575
316.575
357.884
489.025
255.529
255.529
255.529
336.91
335.377
335.377
294.536
335.377
335.377
294.536
287.753
287.753
316.575
335.142
335.142
316.575
316.575
357.884
489.025
255.529
255.529
255.529
335.377
335.377
287.753
335.142
280.037
280.037
280.037
280.037
276.001
281.968
281.968
281.968
280.037
276.001
281.968
281.968
281.968
280.037
276.001
281.968
281.968
281.968
257.799
326.957
280.037
280.037
276.001
281.968
281.968
281.968
257.799
257.799
326.957
242.159
356.777
293.381
271.407
257.799
326.957
242.159
356.777
293.381
271.407
318.535
242.159
356.777
293.381
271.407
318.535
351.619
326.957
242.159
318.535
351.619
351.619
351.619
351.619
356.777
351.619
293.381
271.407
318.535
351.619
351.619
392.272
392.272
392.272
353.857
353.857
353.857
392.272
353.857
336.968
310.725
336.968
310.725
336.968
310.725
310.725
310.725
310.725
310.725
336.968
310.725
310.725
310.725
310.725
386.548
310.725
310.725
310.725
386.548
303.412
221.76
310.725
386.548
303.412
221.76
223.865
243.426
310.725
386.548
303.412
221.76
223.865
243.426
303.412
243.426
221.76
223.865
243.426
223.865
243.426
243.426
243.426
264.508
243.426
243.426
264.508
243.426
243.426
264.508
243.426
264.508
260.838
260.838
260.838
260.838
260.838
260.838
260.838
294.304
327.257
260.838
260.838
260.838
294.304
327.257
260.838
260.838
260.838
294.304
327.257
260.838
260.838
260.838
294.304
327.257
327.257
327.257
327.257
327.257
206.892
206.892
217.936
206.892
206.892
217.936
217.936
217.936
217.936
217.936
217.936
217.936
217.936
217.936
217.936
217.936
217.936
217.936
217.936
217.936
217.936
217.936
217.936
217.936
217.936
217.936
217.936
217.936
217.936
217.936
217.936
217.936
217.936
217.936
217.936
217.936
217.936
259.17
259.17
249.683
249.683
249.683
249.683
268.931
268.931
217.936
217.936
259.17
259.17
249.683
249.683
249.683
249.683
268.931
268.931
293.075
293.075
262.493
253.636
217.936
217.936
259.17
259.17
249.683
249.683
249.683
249.683
268.931
268.931
217.936
293.075
293.075
217.936
293.075
293.075
217.936
262.493
262.493
259.17
253.636
253.636
259.17
249.683
249.683
249.683
249.683
268.931
268.931
293.075
293.075
262.493
253.636
253.636
281.152
281.152
281.152
281.152
258.57
258.57
258.57
253.636
281.152
281.152
281.152
281.152
258.57
258.57
258.57
258.57
408.256
390.852
253.636
281.152
281.152
281.152
281.152
258.57
258.57
258.57
253.636
281.152
281.152
281.152
281.152
258.57
258.57
408.256
390.852
370.796
258.57
408.256
390.852
370.796
258.57
258.57
258.57
408.256
367.999
311.704
370.796
408.256
367.999
408.256
367.999
311.704
311.704
408.256
390.852
370.796
408.256
367.999
311.704
212.785
212.785
212.785
212.785
212.785
212.785
212.785
212.785
212.785
212.785
212.785
212.785
212.785
212.785
212.785
212.785
212.785
212.785
212.785
212.785
212.785
212.785
212.785
212.785
212.785
212.785
212.785
212.785
286.169
286.169
304.718
264.561
264.561
212.785
286.169
286.169
304.718
264.561
264.561
212.785
212.785
212.785
286.169
286.169
304.718
286.169
264.561
264.561
264.561
286.169
304.718
264.561
264.561
264.561
264.561
264.561
264.561
264.561
264.561
264.561
264.561
264.561
264.561
264.561
264.561
264.561
264.561
264.561
264.561
264.561
264.561
264.561
264.561
298.542
300.693
298.542
300.693
289.277
289.277
289.277
285.32
298.542
300.693
289.277
289.277
289.277
285.32
264.561
264.561
264.561
298.542
300.693
289.277
289.277
289.277
289.277
285.32
285.32
285.32
285.32
285.32
285.32
285.32
285.32
285.32
285.32
285.32
285.32
285.32
289.277
289.277
285.32
285.32
285.32
285.32
285.32
285.32
285.32
285.32
285.32
271.601
271.601
271.601
230.013
230.013
230.013
271.601
271.601
271.601
271.601
271.601
271.601
296.679
230.013
230.013
230.013
271.601
271.601
271.601
271.601
271.601
271.601
296.679
230.013
230.013
230.013
271.601
271.601
271.601
271.601
271.601
271.601
296.679
296.679
353.722
293.866
302.944
271.601
296.679
296.679
230.013
353.722
353.722
230.013
293.866
293.866
230.013
302.944
302.944
271.601
271.601
271.601
271.601
271.601
271.601
296.679
296.679
353.722
293.866
302.944
302.944
302.944
302.944
302.944
302.944
302.944
302.944
302.944
302.944
302.944
302.944
302.944
302.944
302.944
302.944
302.944
302.944
302.944
302.944
262.687
262.687
296.988
296.988
296.988
371.767
285.319
285.319
262.687
262.687
296.988
296.988
296.988
371.767
285.319
285.319
302.944
262.687
262.687
296.988
296.988
296.988
371.767
285.319
285.319
262.687
262.687
296.988
296.988
296.988
371.767
285.319
285.319
288.331
288.331
288.331
288.331
288.331
288.331
288.331
288.331
288.331
288.331
340.563
288.331
340.563
288.331
340.563
340.563
340.563
326.405
340.563
326.405
330.446
340.563
326.405
330.446
340.563
326.405
330.446
330.446
303.511
303.511
303.511
303.511
290.197
287.638
340.563
290.197
287.638
340.563
290.197
287.638
340.563
290.197
287.638
340.563
379.846
379.846
379.846
379.846
379.846
379.846
379.846
379.846
245.844
245.844
245.844
224.592
224.592
232.875
232.875
232.875
232.875
224.592
232.875
232.875
245.844
224.592
232.875
232.875
232.875
232.875
232.875
232.875
232.875
232.875
232.875
232.875
232.875
232.875
232.875
232.875
338.235
338.235
338.235
312.343
328.372
316.787
338.235
312.343
328.372
316.787
338.235
338.235
312.343
328.372
316.787
338.235
253.483
338.235
312.343
328.372
316.787
253.483
253.483
193.786
253.483
193.786
191.419
210.979
215.413
217.805
253.483
253.483
193.786
191.419
210.979
215.413
217.805
253.483
253.483
193.786
191.419
210.979
215.413
217.805
191.419
210.979
215.413
217.805
217.805
217.805
217.805
327.089
270.67
180.32
180.405
180.405
180.405
180.405
305.377
290.558
275.862
290.558
290.257
302.717
275.389
327.089
270.67
180.32
180.405
180.405
180.405
180.405
305.377
290.558
275.862
327.089
270.67
180.32
180.405
180.405
180.405
180.405
305.377
290.558
275.862
217.805
290.558
290.558
327.089
290.257
290.257
270.67
302.717
302.717
180.32
275.389
180.405
275.389
180.405
180.405
180.405
305.377
290.558
275.862
290.558
290.257
302.717
275.389
374.685
374.685
365.309
374.685
365.309
374.685
365.309
365.309
287.816
287.816
287.816
287.816
287.816
287.816
287.816
287.816
287.816
287.816
287.816
287.816
287.816
287.816
287.816
287.816
287.816
287.816
287.816
287.816
287.816
287.816
287.816
287.816
287.816
287.816
287.816
404.676
404.676
404.676
379.843
371.008
286.626
404.676
404.676
404.676
379.843
371.008
286.626
404.676
404.676
404.676
379.843
371.008
286.626
287.816
404.676
404.676
404.676
379.843
371.008
286.626
291.024
291.024
291.024
291.024
291.024
291.024
291.024
291.024
291.024
291.024
336.238
348.962
280.805
245.129
218.897
218.897
291.024
291.024
336.238
348.962
280.805
245.129
218.897
218.897
275.898
291.024
291.024
336.238
348.962
280.805
245.129
218.897
218.897
275.898
291.024
291.024
336.238
348.962
280.805
245.129
218.897
218.897
275.898
275.898
275.898
293.505
287.207
250.042
275.898
293.505
287.207
250.042
275.898
293.505
287.207
250.042
275.898
293.505
287.207
250.042
266.934
266.934
168.834
266.934
168.834
266.934
168.834
168.834
140.225
140.225
140.225
140.225
140.225
140.225
140.225
140.225
140.225
140.225
140.225
140.225
295.786
295.786
348.571
348.571
289.374
348.571
348.571
289.374
295.786
348.571
348.571
243.44
243.44
289.374
243.44
243.44
215.605
215.605
215.605
243.44
243.44
215.605
215.605
215.605
243.44
243.44
243.44
215.605
215.605
295.786
215.605
348.571
348.571
289.374
243.44
243.44
243.44
215.605
215.605
215.605
221.258
250.685
221.258
250.685
187.726
221.258
250.685
221.258
250.685
187.726
230.395
241.13
241.13
187.726
230.395
241.13
241.13
241.13
341.026
230.395
241.13
241.13
241.13
341.026
218.469
187.726
230.395
241.13
241.13
241.13
341.026
241.13
218.469
341.026
218.469
219.708
219.708
219.708
219.708
219.708
219.708
219.708
176.563
219.708
219.708
219.708
219.708
176.563
218.469
219.708
219.708
219.708
219.708
219.708
176.563
176.563
176.563
176.563
176.563
176.563
221.179
221.179
221.179
221.179
221.179
267.677
221.179
221.179
267.677
267.677
221.179
267.677
267.677
267.677
311.557
311.557
271.01
267.677
311.557
311.557
271.01
239.551
239.551
267.677
267.677
267.677
311.557
311.557
271.01
267.677
267.677
311.557
311.557
271.01
239.551
239.551
311.557
311.557
311.557
260.633
329.609
239.551
239.551
311.557
311.557
311.557
260.633
329.609
311.557
311.557
311.557
260.633
329.609
239.551
239.551
311.557
311.557
311.557
260.633
329.609
304.281
304.281
304.281
304.281
281.192
237.869
237.869
237.869
206.815
206.815
237.869
252.479
252.479
252.479
252.479
331.451
258.179
264.98
281.192
237.869
237.869
237.869
206.815
206.815
237.869
252.479
252.479
252.479
252.479
331.451
258.179
264.98
281.192
237.869
237.869
237.869
206.815
206.815
237.869
252.479
252.479
252.479
252.479
331.451
258.179
264.98
281.192
237.869
237.869
237.869
206.815
206.815
237.869
252.479
252.479
252.479
252.479
331.451
258.179
264.98
264.98
283.093
359.032
359.032
263.729
263.729
263.729
368.956
355.87
355.87
355.87
264.98
283.093
359.032
359.032
263.729
263.729
263.729
368.956
355.87
355.87
355.87
264.98
283.093
359.032
359.032
263.729
263.729
263.729
368.956
355.87
355.87
355.87
264.98
283.093
359.032
359.032
263.729
263.729
263.729
368.956
355.87
355.87
355.87
343.211
343.211
261.783
256.411
343.211
343.211
261.783
256.411
343.211
343.211
261.783
343.211
256.411
343.211
261.783
256.411
256.411
256.411
256.411
242.394
242.394
394.154
394.154
256.411
242.394
242.394
256.411
256.411
242.394
242.394
394.154
256.411
256.411
242.394
242.394
317.828
317.828
301.47
216.743
394.154
317.828
317.828
301.47
394.154
394.154
317.828
317.828
394.154
394.154
317.828
317.828
301.47
216.743
216.743
347.779
347.779
378.086
271.764
216.743
216.743
347.779
347.779
378.086
301.47
216.743
216.743
347.779
347.779
378.086
271.764
216.743
271.764
347.779
347.779
378.086
271.764
245.647
245.647
245.647
258.087
258.087
302.007
393.085
324.07
324.07
192.093
245.647
245.647
245.647
258.087
258.087
302.007
393.085
324.07
324.07
192.093
192.093
192.093
245.647
245.647
245.647
245.647
258.087
258.087
192.093
192.093
289.589
328.535
192.093
192.093
289.589
328.535
245.647
245.647
258.087
258.087
302.007
302.007
393.085
393.085
324.07
324.07
324.07
324.07
192.093
192.093
192.093
192.093
192.093
192.093
192.093
192.093
289.589
289.589
328.535
328.535
171.72
171.72
171.72
171.72
171.72
171.72
171.72
183.007
183.007
183.007
183.007
183.007
183.007
349.722
183.007
183.007
183.007
183.007
183.007
183.007
349.722
323.476
183.007
183.007
183.007
183.007
183.007
183.007
349.722
323.476
171.72
183.007
183.007
183.007
183.007
183.007
183.007
349.722
323.476
323.476
241.135
241.135
241.135
241.135
241.135
241.135
241.135
241.135
241.135
241.135
241.135
242.915
241.135
242.915
242.915
242.915
242.915
242.915
242.915
242.915
242.915
242.915
242.915
242.915
410.361
363.085
244.116
276.802
276.802
276.802
321.762
242.915
242.915
242.915
242.915
410.361
363.085
244.116
276.802
276.802
276.802
321.762
320.338
252.623
233.635
233.635
242.915
242.915
242.915
242.915
410.361
363.085
244.116
276.802
276.802
276.802
321.762
242.915
320.338
320.338
242.915
252.623
252.623
242.915
233.635
233.635
242.915
233.635
233.635
410.361
363.085
244.116
276.802
276.802
276.802
321.762
320.338
252.623
233.635
233.635
252.623
252.623
252.623
252.623
252.623
276.567
276.567
276.567
252.623
276.567
276.567
276.567
252.623
276.567
276.567
276.567
289.403
252.623
276.567
276.567
276.567
289.403
289.403
289.403
289.403
289.403
289.403
289.403
291.773
291.773
289.403
291.773
291.773
291.773
289.403
291.773
291.773
289.403
289.403
291.773
349.521
291.773
291.773
291.773
349.521
349.521
349.521
349.521
302.839
291.773
349.521
349.521
302.839
302.839
302.839
349.521
302.839
302.839
302.839
302.839
268.789
268.789
268.789
268.789
268.789
268.789
268.789
268.789
268.789
268.789
268.789
268.789
320.577
320.577
315.43
315.43
268.789
320.577
320.577
315.43
315.43
257.417
268.789
268.789
320.577
320.577
315.43
315.43
268.789
320.577
320.577
315.43
315.43
257.417
257.417
257.417
257.417
257.417
257.417
257.417
257.417
257.417
257.417
257.417
257.417
257.417
257.417
257.417
257.417
257.417
257.417
257.417
257.417
257.417
270.905
270.905
257.417
257.417
270.905
270.905
270.905
270.905
309.273
270.905
309.273
270.905
309.273
309.273
207.577
207.577
207.577
207.577
207.577
207.577
207.577
207.577
207.577
207.577
207.577
207.577
207.577
274.975
274.975
405.501
405.501
285.41
207.577
207.577
274.975
405.501
285.41
285.41
285.41
285.41
285.41
285.41
285.41
344.161
207.577
274.975
405.501
285.41
285.41
285.41
285.41
285.41
285.41
285.41
344.161
285.41
285.41
374.385
285.41
285.41
374.385
344.161
285.41
374.385
344.161
374.385
357.066
357.066
357.066
357.066
357.066
357.066
357.066
293.354
298.911
298.911
298.911
233.335
233.335
293.354
298.911
298.911
298.911
233.335
233.335
249.911
357.066
293.354
298.911
298.911
298.911
233.335
233.335
249.911
293.354
298.911
298.911
298.911
233.335
233.335
249.911
249.911
341.986
341.986
341.986
341.986
281.491
281.491
341.986
407.115
349.594
281.491
281.491
341.986
407.115
349.594
281.491
281.491
341.986
407.115
349.594
281.491
281.491
341.986
407.115
349.594
321.77
321.77
321.77
321.77
321.77
307.762
286.475
286.475
231.083
237.126
243.095
306.999
306.999
321.77
321.77
307.762
286.475
286.475
231.083
237.126
243.095
306.999
306.999
306.999
223.256
250.191
304.44
321.77
321.77
307.762
286.475
286.475
231.083
237.126
243.095
306.999
306.999
321.77
306.999
306.999
321.77
223.256
223.256
321.77
250.191
250.191
307.762
304.44
304.44
286.475
286.475
231.083
237.126
243.095
306.999
306.999
306.999
223.256
250.191
304.44
307.762
307.762
307.762
307.762
307.762
307.762
307.762
307.762
320.338
320.338
320.338
320.338
320.338
320.338
320.338
320.338
320.338
320.338
320.338
320.338
320.338
320.338
316.946
316.946
316.946
320.338
320.338
316.946
283.545
316.946
316.946
283.545
262.926
316.946
316.946
262.926
248.197
248.197
283.545
283.545
296.707
296.707
262.926
262.926
296.707
296.707
248.197
248.197
316.946
296.707
296.707
316.946
316.946
296.707
296.707
316.946
316.946
316.946
316.946
316.946
316.946
316.946
316.946
316.946
316.946
316.946
316.946
316.946
316.946
316.946
316.946
316.946
311.086
311.086
311.086
311.086
311.086
311.086
311.086
311.086
178.006
178.006
178.006
178.006
188.598
188.598
188.598
188.598
188.598
188.598
320.499
320.499
188.598
188.598
291.776
291.776
320.499
320.499
291.776
291.776
291.776
286.134
286.134
286.134
291.776
286.134
286.134
286.134
286.134
284.647
284.647
291.776
286.134
291.776
286.134
286.134
284.647
286.134
286.134
284.647
284.647
284.647
284.647
284.647
227.022
227.022
227.022
227.022
227.022
227.022
227.022
227.022
205.599
205.599
205.599
205.599
205.599
205.599
205.599
205.599
205.599
205.599
196.76
205.599
196.76
205.599
196.76
196.76
196.76
196.76
196.76
196.76
196.76
196.76
196.76
196.76
286.347
196.76
286.347
196.76
256.445
256.445
196.76
196.76
256.445
256.445
286.347
286.347
256.445
256.445
256.445
256.445
256.445
256.445
256.445
256.445
256.445
256.445
256.445
256.445
286.347
286.347
286.347
286.347
286.347
286.347
286.347
286.347
226.269
226.269
226.269
226.269
262.326
262.326
262.326
262.326
262.326
262.326
262.326
262.326
199.974
199.974
199.974
199.974
314.652
314.652
314.652
314.652
291.002
291.002
314.645
314.645
291.002
291.002
269.597
269.597
314.645
314.645
269.597
269.597
269.597
269.597
269.597
269.597
269.597
269.597
269.597
269.597
269.597
269.597
269.597
269.597
269.597
269.597
269.597
269.597
269.597
269.597
269.597
269.597
269.597
269.597
269.597
269.597
379.544
379.544
379.544
379.544
384.045
384.045
384.045
384.045
293.161
293.161
293.161
293.161
293.161
293.161
259.104
293.161
293.161
259.104
182.973
182.973
182.973
259.104
259.104
182.973
342.757
182.973
182.973
342.757
342.757
182.973
182.973
342.757
342.757
342.757
252.203
342.757
342.757
310.727
282.704
342.757
252.203
342.757
307.029
310.727
342.757
342.757
282.704
252.203
252.203
307.029
310.727
310.727
282.704
282.704
307.029
307.029
307.029
307.029
307.029
307.029
340.409
340.409
340.409
340.409
344.417
344.417
344.417
344.417
344.417
344.417
344.417
344.417
345.732
345.732
345.732
345.732
297.209
297.209
297.209
297.209
234.631
234.631
234.631
234.631
196.746
196.746
196.746
196.746
196.746
196.746
299.589
299.589
196.746
196.746
285.023
299.589
299.589
285.023
204.77
285.023
285.023
204.77
204.77
204.77
204.77
204.77
326.889
326.889
204.77
204.77
326.889
326.889
326.889
326.889
326.889
326.889
325.406
325.406
325.406
325.406
326.889
326.889
326.889
326.889
333.44
333.44
333.44
333.44
333.44
333.44
333.44
250.486
250.486
250.486
250.486
250.486
250.486
250.368
250.368
250.368
232.123
232.123
333.44
232.123
232.123
250.486
232.123
232.123
232.123
250.486
232.123
232.123
232.123
250.368
225.079
225.079
232.123
225.079
232.123
225.079
232.123
275.3
275.3
232.123
232.123
232.123
304.266
304.266
225.079
225.079
225.079
225.079
275.3
275.3
304.266
304.266
260.314
260.314
260.314
260.314
260.314
260.314
260.314
260.314
260.314
260.314
260.314
260.314
308.474
308.474
308.474
308.474
212.132
212.132
241.413
241.413
212.132
241.413
212.132
241.413
241.413
241.413
241.413
241.413
241.413
241.413
241.413
241.413
241.413
241.413
241.413
241.413
241.413
241.413
241.413
241.413
241.413
253.477
253.477
241.413
268.055
268.055
241.413
241.413
268.055
268.055
253.477
270.624
270.624
253.477
268.055
268.055
268.055
268.055
270.624
270.624
227.615
227.615
227.615
227.615
223.74
223.74
223.74
223.74
223.74
223.74
223.74
223.74
347.437
347.437
347.437
347.437
347.437
347.437
304.919
347.437
304.919
347.437
298.808
304.919
304.919
298.808
243.9
243.9
298.808
298.808
331.407
331.407
243.9
243.9
221.777
221.777
331.407
331.407
221.777
221.777
221.777
221.777
350.634
350.634
221.777
221.777
350.634
350.634
350.634
212.941
350.634
350.634
350.634
343.757
212.941
212.941
212.941
343.757
343.757
343.757
343.757
343.757
343.757
343.757
311.962
311.962
311.962
311.962
333.17
333.17
333.17
333.17
182.311
182.311
182.311
182.311
182.311
182.311
182.311
182.311
182.311
182.311
182.311
182.311
317.19
317.19
317.19
317.19
317.19
317.19
306.599
306.599
317.19
317.19
317.19
317.19
283.448
283.448
306.599
306.599
235.21
235.21
219.472
219.472
317.19
317.19
225.814
225.814
283.448
283.448
235.21
235.21
235.21
235.21
219.472
219.472
225.814
225.814
235.21
235.21
235.21
235.21
235.21
235.21
337.439
337.439
337.439
337.439
281.774
281.774
281.774
281.774
385.963
385.963
385.963
385.963
362.363
362.363
362.363
362.363
385.963
385.963
300.113
300.113
385.963
385.963
270.641
270.641
300.113
300.113
270.641
270.641
270.641
270.641
270.641
270.641
270.641
270.641
270.641
270.641
270.641
270.641
270.641
270.641
270.641
270.641
270.641
270.641
270.641
270.641
270.641
270.641
270.641
270.641
270.641
270.641
270.641
270.641
270.641
270.641
342.249
342.249
342.249
342.249
264.249
264.249
264.249
264.249
310.654
310.654
310.654
310.654
310.654
342.249
310.654
342.249
227.989
342.249
227.989
227.989
310.654
227.989
227.989
325.486
310.654
325.486
227.989
342.249
325.486
325.486
227.989
325.486
325.486
227.989
325.486
325.486
325.486
325.486
346.544
325.486
325.486
325.486
313.882
325.486
346.544
282.104
325.486
325.486
313.882
271.763
282.104
346.544
346.544
271.763
313.882
313.882
282.104
282.104
271.763
271.763
271.763
271.763
271.763
271.763
230.857
230.857
230.857
230.857
282.104
282.104
282.104
282.104
291.867
291.867
291.867
291.867
296.896
296.896
296.896
296.896
296.896
296.896
419.322
419.322
296.896
296.896
389.469
389.469
419.322
419.322
349.798
389.469
349.798
389.469
349.798
349.798
349.798
349.798
349.798
349.798
349.798
349.798
349.798
349.798
349.798
349.798
349.798
349.798
349.798
349.798
349.798
349.798
445.623
445.623
349.798
349.798
349.798
349.798
445.623
445.623
323.336
323.336
323.336
323.336
261.26
261.26
261.26
261.26
261.26
261.26
261.26
261.26
428.429
428.429
428.429
428.429
408.896
408.896
408.896
408.896
383.564
383.564
333.928
333.928
383.564
383.564
333.928
333.928
333.928
333.928
333.928
333.928
333.928
333.928
381.461
381.461
259.358
259.358
333.928
333.928
381.461
381.461
381.461
381.461
310.36
310.36
259.358
259.358
322.008
322.008
381.461
381.461
280.893
280.893
310.36
310.36
322.008
322.008
280.893
280.893
302.638
302.638
302.638
302.638
302.638
302.638
302.638
302.638
298.379
298.379
298.379
298.379
328.946
328.946
328.946
328.946
343.209
343.209
383.539
383.539
343.209
343.209
223.65
223.65
383.539
383.539
363.565
363.565
223.65
223.65
263.839
363.565
363.565
440.44
263.839
263.839
263.839
440.44
440.44
440.44
440.44
328.005
440.44
440.44
328.005
440.44
328.005
328.005
359.728
328.005
328.005
303.992
328.005
328.005
359.728
359.728
359.728
303.992
303.992
303.992
303.992
303.992
303.992
303.992
265.434
265.434
265.434
265.434
240.865
240.865
240.865
240.865
240.865
240.865
304.809
240.865
240.865
304.809
304.809
304.809
304.809
304.809
304.809
304.809
304.809
304.809
304.809
304.809
304.809
304.809
304.809
304.809
304.809
304.809
304.809
304.809
385.231
385.231
385.231
385.231
310.65
310.65
310.65
310.65
299.869
299.869
299.869
299.869
299.869
299.869
299.869
299.869
310.65
310.65
310.65
336.193
310.65
336.193
336.193
336.193
336.193
336.193
336.193
336.193
336.193
336.193
353.257
336.193
353.257
353.257
356.342
356.342
356.342
356.342
336.193
433.242
356.342
356.342
353.257
346.72
433.242
356.342
283.054
433.242
346.72
356.342
270.832
283.054
433.242
270.832
346.72
270.832
346.72
270.832
270.832
397.981
283.054
283.054
270.832
397.981
270.832
397.981
270.832
297.946
397.981
270.832
270.832
397.981
297.946
270.832
270.832
397.981
397.981
397.981
397.981
397.981
297.946
297.946
397.981
397.981
397.981
397.981
397.981
397.981
294.154
294.154
294.154
294.154
294.154
294.154
294.154
294.154
294.154
294.154
294.154
294.154
294.154
294.154
236.809
236.809
294.154
294.154
252.331
252.331
236.809
236.809
252.331
252.331
252.331
252.331
294.154
294.154
252.331
252.331
233.115
233.115
233.115
233.115
294.154
294.154
233.115
233.115
233.115
233.115
227.519
227.519
233.115
233.115
227.519
227.519
233.115
233.115
227.519
227.519
227.519
227.519
227.519
227.519
227.519
227.519
227.519
227.519
227.519
227.519
227.519
227.519
227.519
227.519
246.661
246.661
246.661
246.661
330.632
330.632
330.632
330.632
330.632
330.632
321.999
321.999
330.632
330.632
330.632
330.632
321.999
321.999
217.07
330.632
217.07
330.632
217.07
217.07
217.07
217.07
217.07
217.07
217.07
217.07
217.07
217.07
217.07
217.07
217.07
217.07
217.07
217.07
217.07
294.908
217.07
217.07
217.07
294.908
217.07
217.07
294.908
294.908
294.908
294.908
294.908
294.908
294.908
294.908
294.908
294.908
259.731
259.731
259.731
259.731
252.549
252.549
252.549
252.549
252.549
252.549
252.549
252.549
252.549
252.549
252.549
252.549
304.474
304.474
304.474
304.474
342.143
342.143
342.143
342.143
333.816
333.816
333.816
333.816
308.003
308.003
308.003
308.003
314.288
314.288
314.288
314.288
314.288
314.288
333.816
314.288
314.288
333.816
333.816
333.816
333.816
333.816
252.396
333.816
333.816
252.396
239.453
239.453
252.396
252.396
239.453
239.453
252.396
252.396
252.396
252.396
252.396
252.396
252.396
252.396
302.204
302.204
302.204
302.204
290.89
290.89
290.89
290.89
290.89
290.89
290.89
290.89
290.89
290.89
290.89
290.89
286.778
290.89
290.89
290.89
286.778
286.778
286.778
326.961
286.778
286.778
326.961
326.961
326.961
344.551
326.961
326.961
344.551
344.551
344.297
344.297
344.297
355.414
290.89
355.414
290.89
355.414
290.89
290.89
290.89
286.778
286.778
326.961
326.961
344.551
344.297
355.414
273.835
273.835
273.835
273.835
294.424
294.424
294.424
294.424
292.081
294.424
294.424
292.081
292.081
292.081
292.081
292.081
284.951
292.081
292.081
272.474
284.951
294.424
272.474
292.081
294.424
284.951
292.081
272.474
292.081
272.474
272.474
292.081
272.474
272.474
284.951
272.474
272.474
272.474
272.474
272.474
272.474
272.474
272.474
272.474
272.474
272.474
272.474
272.474
272.474
272.474
272.474
272.474
272.474
272.474
272.474
272.474
272.474
272.474
272.474
272.474
272.474
272.474
272.474
272.474
299.539
299.539
299.539
299.539
299.539
299.539
299.539
299.539
299.539
322.041
299.539
299.539
299.539
322.041
322.041
322.041
322.041
322.041
322.041
399.261
322.041
322.041
322.041
399.261
399.261
322.041
322.041
355.906
399.261
295.719
399.261
399.261
355.906
295.719
399.261
399.261
261.752
295.719
355.906
355.906
295.719
295.719
295.719
295.719
261.752
295.719
295.719
295.719
295.719
295.719
261.752
261.752
295.719
295.719
295.719
295.719
252.432
252.432
252.432
252.432
252.432
252.432
252.432
252.432
252.432
252.432
252.432
252.432
252.335
252.335
252.335
252.335
252.432
252.432
252.432
229.174
252.432
229.174
229.174
229.174
229.174
309.848
229.174
310.145
229.174
309.848
310.145
309.848
310.145
310.145
310.145
310.145
310.145
310.145
229.174
310.145
235.916
309.848
310.145
310.145
215.18
310.145
310.145
310.145
235.916
310.145
310.145
215.18
310.145
310.145
310.145
310.145
235.916
235.916
215.18
215.18
181.264
181.264
181.264
181.264
336.854
336.854
336.854
336.854
297.917
297.917
297.917
297.917
297.917
297.917
297.917
297.917
297.917
297.917
297.917
297.917
297.917
297.917
297.917
297.917
297.917
297.917
297.917
297.917
297.917
297.917
297.917
297.917
297.917
322.638
322.638
297.917
348.773
348.773
297.917
297.917
326.408
326.408
326.408
322.638
326.408
322.638
282.59
282.59
348.773
348.773
282.59
282.59
326.408
326.408
326.408
326.408
282.59
282.59
282.59
282.59
326.408
326.408
326.408
326.408
349.233
349.233
349.233
349.233
349.233
349.233
406.339
406.339
349.233
392.606
392.606
406.339
349.233
248.156
248.156
406.339
392.606
248.156
248.156
392.606
248.156
248.156
248.156
248.156
248.156
248.156
375.62
375.62
248.156
248.156
360.047
360.047
248.156
248.156
360.047
360.047
360.047
248.156
360.047
248.156
375.62
370.749
375.62
370.749
360.047
332.706
360.047
332.706
360.047
360.047
360.047
360.047
370.749
370.749
332.706
332.706
236.656
236.656
236.656
236.656
332.706
332.706
332.706
332.706
407.204
407.204
407.204
407.204
407.204
407.204
423.757
407.204
407.204
423.757
432.882
432.882
423.757
423.757
268.326
268.326
342.452
432.882
342.452
432.882
432.882
268.326
432.882
268.326
447.029
447.029
342.452
342.452
400.069
400.069
361.677
432.882
432.882
361.677
304.461
304.461
447.029
447.029
304.461
304.461
324.068
400.069
324.068
400.069
361.677
361.677
304.461
304.461
304.461
304.461
324.068
324.068
229.367
229.367
229.367
229.367
229.367
229.367
229.367
229.367
292.104
292.104
292.104
292.104
265.799
265.799
265.799
265.799
265.799
265.799
279.116
265.799
279.116
279.116
265.799
278.171
278.171
279.116
278.171
278.171
278.171
278.171
278.171
278.171
278.171
278.171
278.171
278.171
278.171
278.171
278.171
278.171
278.171
278.171
278.171
231.681
231.681
278.171
231.681
231.681
231.681
308.402
231.681
308.402
308.402
278.171
278.171
278.171
278.171
231.681
231.681
308.402
308.402
308.402
299.27
299.27
308.402
266.894
266.894
266.894
299.27
266.894
266.894
266.894
266.894
266.894
266.894
266.894
266.894
266.894
266.894
382.445
382.445
266.894
382.445
266.894
382.445
382.445
382.445
382.445
382.445
382.445
236.382
382.445
332.299
382.445
382.445
345.254
236.382
236.382
309.358
332.299
332.299
345.254
308.402
345.254
309.358
299.27
309.358
266.894
266.894
266.894
266.894
266.894
382.445
382.445
382.445
382.445
236.382
332.299
345.254
309.358
309.358
309.358
309.358
309.358
309.358
309.358
309.358
309.358
309.358
309.358
309.358
450.299
450.299
309.358
395.483
450.299
322.288
395.483
395.483
322.288
322.288
322.288
277.161
322.288
277.161
322.288
277.161
252.633
277.161
277.161
252.633
252.633
252.633
277.161
252.633
252.633
252.633
252.633
252.633
252.633
252.633
309.358
252.633
309.358
252.633
309.358
252.633
309.358
252.633
450.299
395.483
322.288
322.288
277.161
277.161
252.633
252.633
252.633
252.633
252.633
322.288
322.288
322.288
322.288
322.288
322.288
322.288
322.288
320.725
320.725
320.725
320.725
320.725
320.725
154.068
154.068
320.725
320.725
171.771
171.771
154.068
154.068
315.477
315.477
171.771
171.771
288.649
288.649
315.477
315.477
325.825
325.825
288.649
288.649
323.2
323.2
325.825
325.825
323.2
323.2
323.2
323.2
323.2
323.2
323.2
323.2
323.2
323.2
323.2
337.727
323.2
323.2
323.2
231.02
337.727
337.727
337.727
231.02
231.02
231.02
231.02
231.02
231.02
231.02
231.02
231.02
231.02
231.02
231.02
231.02
231.02
231.02
329.316
329.316
329.316
329.316
337.727
337.727
238.384
238.384
337.727
238.384
337.727
225.317
225.317
238.384
225.317
225.317
225.317
225.317
225.317
310.472
310.472
225.317
310.472
225.317
310.472
310.472
310.472
225.317
310.472
310.472
225.317
310.472
310.472
310.472
225.317
310.472
310.472
310.472
310.472
310.472
310.472
310.472
310.472
310.472
310.472
310.472
310.472
310.472
310.472
310.472
310.472
310.472
310.472
310.472
310.472
310.472
310.472
310.472
310.472
310.472
310.472
310.472
310.472
310.472
310.472
310.472
158.155
310.472
158.155
158.155
310.472
158.155
158.155
158.155
158.155
158.155
158.155
158.155
158.155
158.155
158.155
259.988
158.155
259.988
259.988
259.988
158.155
158.155
267.382
267.382
267.382
259.988
259.988
259.988
259.988
267.382
267.382
267.382
267.382
273.162
267.382
267.382
267.382
273.162
267.382
267.382
273.162
273.162
273.162
273.162
273.162
273.162
273.162
273.162
273.162
273.162
273.162
273.162
273.162
273.162
273.162
273.162
273.162
273.162
368.457
368.457
273.162
273.162
375.286
375.286
375.286
273.162
273.162
375.286
368.457
368.457
295.065
295.065
375.286
375.286
295.065
295.065
375.286
375.286
295.065
295.065
295.065
295.065
339.131
295.065
295.065
339.131
295.065
295.065
339.131
326.192
339.131
339.131
260.692
339.131
339.131
339.131
326.192
326.192
326.192
260.692
260.692
260.692
360.462
360.462
360.462
360.462
342.547
342.547
342.547
342.547
342.547
342.547
342.547
342.547
342.547
342.547
342.547
342.547
342.547
342.547
302.314
302.314
342.547
342.547
250.347
250.347
302.314
302.314
250.347
250.347
250.347
250.347
250.347
250.347
250.347
250.347
250.347
250.347
291.317
291.317
250.347
250.347
291.317
291.317
291.317
291.317
250.347
250.347
291.317
291.317
291.317
291.317
364.196
364.196
291.317
291.317
291.317
291.317
291.317
291.317
364.196
364.196
364.196
364.196
364.196
364.196
382.643
382.643
382.643
382.643
382.643
382.643
382.643
382.643
382.643
382.643
382.643
332.925
382.643
332.925
332.925
400.561
332.925
400.561
400.561
400.561
400.561
400.561
337.876
337.876
400.561
400.561
337.876
337.876
337.876
337.876
337.876
337.876
337.876
337.876
337.876
337.876
407.065
337.876
337.876
407.065
407.065
337.876
337.876
407.065
407.065
407.065
407.065
407.065
189.554
407.065
407.065
189.554
407.065
407.065
189.554
189.554
248.935
248.935
248.935
248.935
248.935
248.935
248.935
248.935
429.744
429.744
429.744
429.744
429.744
429.744
429.744
429.744
380.344
380.344
353.891
353.891
380.344
380.344
380.344
353.891
380.344
380.344
380.344
380.344
410.492
410.492
380.344
353.891
410.492
311.514
380.344
311.514
311.514
343.037
380.344
343.037
343.037
333.846
410.492
333.846
333.846
311.514
333.846
333.846
333.846
343.037
333.846
333.846
333.846
353.357
353.357
333.846
333.846
353.357
333.846
353.357
410.492
410.492
410.492
410.492
422.256
422.256
422.256
422.256
422.256
422.256
422.256
422.256
375.009
375.009
375.009
375.009
364.127
364.127
306.911
306.911
364.127
306.911
364.127
306.911
306.911
306.911
306.911
306.911
306.911
306.911
319.465
319.465
306.911
306.911
319.465
319.465
340.536
340.536
319.465
319.465
310.467
310.467
319.465
319.465
353.953
353.953
340.536
340.536
325.554
325.554
254.985
254.985
310.467
310.467
353.953
353.953
325.554
325.554
254.985
254.985
254.985
254.985
254.985
254.985
254.985
254.985
254.985
254.985
254.985
254.985
254.985
254.985
320.668
320.668
320.668
320.668
312.641
312.641
312.641
312.641
320.668
320.668
320.668
320.668
318.434
318.434
354.592
354.592
318.434
318.434
326.758
326.758
354.592
354.592
326.758
326.758
326.758
326.758
255.014
255.014
255.014
326.758
326.758
255.014
255.014
255.014
256.121
256.121
355.544
355.544
255.014
255.014
303.933
303.933
256.121
256.121
355.544
355.544
303.933
303.933
355.544
355.544
355.544
355.544
355.544
355.544
355.544
355.544
333.94
333.94
333.94
333.94
333.94
333.94
302.116
302.116
333.94
333.94
302.116
302.116
302.116
302.116
371.712
371.712
302.116
302.116
381.729
381.729
371.712
371.712
381.729
381.729
390.255
390.255
381.729
381.729
390.255
390.255
381.729
381.729
369.798
369.798
279.681
390.255
390.255
279.681
390.255
279.681
390.255
279.681
369.798
369.798
392.258
392.258
279.681
279.681
279.681
279.681
392.258
392.258
392.258
392.258
392.258
392.258
371.52
371.52
371.52
371.52
371.52
371.52
371.52
371.52
370.362
370.362
281.055
281.055
370.362
370.362
281.055
281.055
281.055
281.055
269.821
281.055
281.055
269.821
269.821
269.821
269.821
269.821
269.821
269.821
269.821
269.821
269.821
269.821
269.821
269.821
269.821
269.821
269.821
269.821
269.821
269.821
269.821
269.821
269.821
269.821
269.821
235.112
269.821
214.107
269.821
269.821
235.112
235.112
235.112
214.107
214.107
214.107
214.107
214.107
214.107
214.107
214.107
214.107
214.107
214.107
214.107
214.107
214.107
214.107
269.821
269.821
214.107
214.107
269.821
269.821
269.821
269.821
269.821
214.107
334.045
269.821
214.107
334.045
386.947
386.947
269.821
269.821
402.37
402.37
269.821
334.045
402.37
402.37
269.821
390.856
334.045
386.947
390.856
390.856
386.947
402.37
402.37
390.856
402.37
390.856
402.37
390.856
390.856
390.856
390.856
390.856
390.856
390.856
390.856
390.856
390.856
390.856
390.856
390.856
390.856
390.856
343.873
343.873
343.873
343.873
343.873
343.873
343.873
343.873
343.873
343.873
343.873
343.873
343.873
343.873
343.873
343.873
343.873
343.873
370.428
343.873
343.873
370.428
307.237
307.237
370.428
370.428
307.237
307.237
307.237
307.237
288.376
288.376
307.237
307.237
307.237
288.376
288.376
307.237
309.288
307.237
307.237
311.619
309.288
309.288
309.288
311.619
311.619
261.601
311.619
311.619
311.619
311.619
311.619
261.601
261.601
261.601
216.314
216.314
216.314
216.314
216.314
216.314
216.314
216.314
267.845
267.845
267.845
267.845
267.845
267.845
267.845
267.845
239.475
239.475
239.475
239.475
239.475
239.475
263.36
239.475
263.36
239.475
263.36
263.36
263.36
263.36
267.845
263.36
263.36
267.845
356.305
356.305
267.845
347.658
356.305
347.658
267.845
347.658
325.684
325.684
356.305
325.684
325.684
347.658
325.684
325.684
323.832
325.684
323.832
323.832
325.684
323.832
323.832
323.832
323.832
323.832
323.832
323.832
323.832
323.832
391.468
391.468
391.468
391.468
438.59
438.59
438.59
438.59
236.434
236.434
236.434
236.434
236.434
236.434
236.434
236.434
236.434
236.434
236.434
236.434
236.434
236.434
236.434
236.434
236.434
236.434
236.434
236.434
236.434
236.434
236.434
236.434
292.117
292.117
236.434
236.434
255.953
255.953
236.434
236.434
255.953
255.953
292.117
292.117
375.4
375.4
381.465
381.465
255.953
255.953
255.953
255.953
375.4
375.4
381.465
381.465
338.261
338.261
338.261
338.261
338.261
338.261
338.261
338.261
338.261
338.261
338.261
338.261
338.261
338.261
338.261
338.261
248.663
248.663
248.663
211.414
248.663
211.414
211.414
211.414
211.414
211.414
211.414
248.663
211.414
248.663
248.663
248.663
248.663
248.663
248.663
248.663
248.663
248.663
332.221
248.663
248.663
332.221
346.771
346.771
332.221
259.884
259.884
429.646
346.771
429.646
429.646
429.646
332.221
259.884
346.771
429.646
259.884
429.646
429.646
429.646
415.526
415.526
415.526
415.526
372.289
372.289
372.289
372.289
407.994
407.994
407.994
407.994
286.298
286.298
286.298
286.298
283.397
283.397
283.397
283.397
283.397
283.397
286.298
283.397
283.397
400.794
286.298
286.298
286.298
400.794
400.794
400.794
400.794
313.399
400.794
290.028
400.794
400.794
313.399
290.028
313.399
313.399
290.028
290.028
290.028
290.028
354.64
290.028
295.608
290.028
290.028
290.028
290.028
290.028
354.64
354.64
354.64
295.608
295.608
295.608
295.608
295.608
295.608
295.608
212.339
212.339
212.339
212.339
295.608
295.608
295.608
295.608
295.608
295.608
295.608
295.608
295.608
295.608
295.608
295.608
295.608
295.608
295.608
295.608
295.608
432.982
432.982
295.608
443.916
295.608
443.916
295.608
425.447
425.447
432.982
432.982
425.447
425.447
443.916
443.916
425.447
425.447
425.447
425.447
317.792
425.447
425.447
317.792
293.639
425.447
425.447
495.341
293.639
317.792
317.792
293.639
293.639
495.341
495.341
495.341
495.341
495.341
495.341
495.341
336.925
336.925
336.925
336.925
336.925
336.925
336.925
336.925
444.512
444.512
444.512
444.512
505.675
505.675
422.374
422.374
505.675
288.432
505.675
288.432
422.374
288.432
422.374
288.432
288.432
288.432
288.432
288.432
239.299
288.432
239.299
288.432
239.299
239.299
288.432
288.432
305.456
239.299
239.299
305.456
239.299
376.552
239.299
376.552
305.456
332.302
305.456
376.552
410.165
376.552
332.302
332.302
332.302
410.165
410.165
410.165
420.429
420.429
420.429
420.429
325.104
325.104
325.104
325.104
325.104
325.104
325.104
325.104
302.105
302.105
302.105
302.105
302.105
302.105
302.105
302.105
302.105
302.105
318.88
318.88
302.105
302.105
327.71
318.88
327.71
318.88
327.71
327.71
327.71
327.71
390.857
390.857
327.71
327.71
398.675
398.675
398.675
398.675
390.857
390.857
315.629
398.675
315.629
398.675
315.629
315.629
398.675
398.675
309.681
309.681
315.629
315.629
315.629
315.629
309.681
309.681
314.955
314.955
314.955
254.127
314.955
254.127
254.127
254.127
254.127
254.127
254.127
254.127
254.127
254.127
254.127
254.127
160.671
160.671
160.671
160.671
160.671
160.671
160.671
160.671
239.371
160.671
239.371
239.371
160.671
239.371
239.371
253.702
160.671
239.371
253.702
160.671
321.203
253.702
321.203
239.371
321.203
193.282
239.371
253.702
193.282
193.282
321.203
193.282
193.282
193.282
193.282
277.224
277.224
277.224
193.282
259.703
259.703
277.224
259.703
259.703
271.515
271.515
271.515
271.515
273.849
273.849
273.849
273.849
273.849
273.849
273.849
273.849
273.849
273.849
273.849
273.849
286.093
286.093
257.131
257.131
286.093
323.273
286.093
257.131
323.273
323.273
257.131
323.273
323.273
376.017
323.273
323.273
376.017
323.273
376.017
376.017
376.017
376.017
376.017
376.017
376.017
376.017
376.017
343.587
376.017
376.017
376.017
343.587
376.017
312.29
376.017
312.29
343.587
343.587
240.017
240.017
312.29
312.29
240.017
240.017
240.017
240.017
240.017
240.017
240.017
240.017
289.791
289.791
289.791
289.791
289.791
296.567
240.017
289.791
296.567
296.567
240.017
296.567
296.567
296.567
289.791
296.567
296.567
289.791
296.567
296.567
296.567
296.567
296.567
296.567
296.567
296.567
296.567
296.567
296.567
296.567
296.567
296.567
296.567
296.567
296.567
296.567
296.567
296.567
287.366
296.567
296.567
287.366
245.319
296.567
287.366
296.567
245.319
245.319
245.319
287.366
245.319
245.319
245.319
245.319
245.319
245.319
245.319
245.319
245.319
245.319
245.319
245.319
245.319
245.319
245.319
245.319
245.319
245.319
245.319
245.319
473.565
473.565
473.565
473.565
473.565
473.565
372.959
473.565
473.565
372.959
365.662
365.662
372.959
372.959
365.662
365.662
365.662
365.662
342.198
342.198
359.108
365.662
365.662
359.108
342.198
359.108
342.198
359.108
323.349
359.108
359.108
323.349
323.349
323.349
359.108
359.108
291.996
291.996
323.349
323.349
323.349
323.349
291.996
291.996
291.996
291.996
291.996
291.996
323.349
323.349
323.349
323.349
335.279
335.279
335.279
335.279
315.804
315.804
315.804
315.804
315.804
315.804
313.589
313.589
315.804
315.804
256.434
313.589
256.434
313.589
206.965
256.434
256.434
206.965
206.965
206.965
206.965
206.965
206.965
206.965
206.965
256.434
206.965
206.965
288.831
206.965
256.434
288.831
288.831
256.434
256.434
288.831
288.831
288.831
288.831
288.831
288.831
288.831
288.831
288.831
288.831
288.831
288.831
288.831
280
280
280
280
258.296
258.296
258.296
258.296
261.236
261.236
261.236
261.236
261.236
261.236
261.236
261.236
268.197
268.197
268.197
240.353
240.353
268.197
387.645
240.353
387.645
240.353
316.5
387.645
387.645
282.213
316.5
316.5
316.5
282.213
282.213
282.213
329.974
282.213
313.151
282.213
282.213
329.974
248.458
282.213
329.974
248.458
329.974
313.151
313.151
295.089
313.151
248.458
248.458
248.458
248.458
295.089
248.458
248.458
295.089
295.089
295.089
295.089
295.089
295.089
256.799
256.799
256.799
256.799
256.799
256.799
256.799
256.799
266.418
266.418
266.418
266.418
252.85
252.85
252.85
252.85
252.85
252.85
252.85
252.85
252.85
252.85
252.85
252.85
252.85
252.85
252.85
252.85
252.85
252.85
252.85
252.85
252.85
252.85
331.682
252.85
252.85
332.835
331.682
331.682
331.682
332.835
332.835
332.835
332.835
266.038
332.835
332.835
332.835
266.038
266.038
266.038
266.038
266.038
266.038
266.038
349.456
349.456
349.456
349.456
349.456
349.456
349.456
349.456
339.724
349.456
339.724
349.456
339.724
339.724
349.456
339.724
341.248
339.724
349.456
341.248
341.248
339.724
341.248
337.74
341.248
339.724
341.248
337.74
337.74
341.248
328.217
341.248
337.74
337.74
328.217
337.74
337.74
244.008
244.008
337.74
328.217
328.217
244.008
244.008
244.008
244.008
244.008
244.008
244.008
244.008
244.008
244.008
244.008
244.008
244.008
244.008
244.008
244.008
244.008
244.008
360.12
360.12
360.12
360.12
347.374
347.374
347.374
347.374
319.696
319.696
319.696
319.696
260.511
260.511
260.511
260.511
260.511
260.511
311.591
311.591
260.511
260.511
311.591
311.591
311.591
311.591
244.342
244.342
311.591
311.591
247.431
247.431
244.342
244.342
311.591
311.591
311.591
247.431
247.431
311.591
311.591
311.591
311.591
311.591
340.512
311.591
311.591
340.512
340.512
340.512
311.591
340.512
340.512
311.591
340.512
340.512
340.512
340.512
340.512
340.512
340.512
340.512
340.512
314.423
340.512
314.423
314.423
314.423
314.423
314.423
314.423
314.423
267.616
267.616
267.616
267.616
258.022
258.022
255.004
255.004
258.022
255.004
258.022
236.268
236.268
255.004
236.268
236.268
236.268
236.268
214.146
214.146
236.268
236.268
214.146
214.146
214.146
214.146
214.146
214.146
214.146
313.603
214.146
214.146
333.155
214.146
313.603
333.155
313.603
313.603
333.155
333.155
333.155
304.45
333.155
333.155
333.155
304.45
304.45
304.45
311.066
311.066
311.066
311.066
311.066
311.066
311.066
311.066
311.066
311.066
311.066
311.066
343.267
343.267
343.267
343.267
343.267
343.267
343.267
343.267
343.267
343.267
343.267
343.267
277.699
277.699
343.267
277.699
277.699
343.267
343.267
343.267
343.267
343.267
295.92
295.92
343.267
343.267
295.92
295.92
295.92
295.92
293.549
293.549
293.549
293.549
295.92
295.92
298.156
298.156
293.549
293.549
298.156
298.156
293.549
293.549
298.156
298.156
298.156
298.156
298.156
298.156
298.156
298.156
218.854
218.854
218.854
218.854
273.279
273.279
273.279
273.279
275.764
275.764
275.764
275.764
254.875
254.875
254.875
254.875
254.875
254.875
267.711
267.711
254.875
254.875
267.711
267.711
267.711
267.711
267.711
267.711
267.711
267.711
286.22
286.22
267.711
267.711
403.139
286.22
286.22
403.139
311.666
403.139
403.139
273.856
311.666
311.666
311.666
273.856
273.856
273.856
273.856
273.856
273.856
273.856
273.856
273.856
273.856
273.856
334.898
334.898
334.898
319.17
319.17
334.898
319.17
370.445
370.445
319.17
209.42
209.42
370.445
370.445
209.42
209.42
209.42
209.42
279.775
209.42
279.775
209.42
279.775
279.775
199.394
279.775
279.775
199.394
279.775
279.775
199.394
148.421
199.394
199.394
199.394
148.421
148.421
223.184
199.394
199.394
148.421
148.421
148.421
223.184
223.184
283.17
148.421
148.421
223.184
283.17
223.184
223.184
283.17
283.17
223.184
223.184
283.17
283.17
283.17
283.17
361.146
361.146
361.146
357.145
361.146
357.145
357.145
357.145
357.145
357.145
357.145
357.145
300.074
300.074
300.074
300.074
259.142
259.142
184.533
184.533
259.142
184.533
259.142
334.786
334.786
184.533
230.548
230.548
334.786
334.786
377.719
377.719
230.548
230.548
383.976
383.976
399.52
399.52
377.719
383.976
377.719
404.233
404.233
383.976
328.115
328.115
399.52
399.52
328.115
328.115
404.233
323.695
404.233
323.695
328.115
328.115
328.115
328.115
323.695
323.695
235.066
235.066
235.066
235.066
235.066
235.066
235.066
235.066
235.066
235.066
235.066
235.066
235.066
235.066
269.181
235.066
269.181
235.066
269.181
269.181
269.181
269.181
340.543
340.543
269.181
269.181
243.182
243.182
340.543
340.543
199.779
199.779
243.182
243.182
199.779
199.779
232.529
232.529
199.779
199.779
232.529
232.529
199.779
199.779
232.529
232.529
232.529
232.529
232.529
232.529
232.529
232.529
232.529
232.529
232.529
232.529
232.529
232.529
232.529
232.529
224.704
224.704
224.704
224.704
224.704
224.704
224.704
224.704
224.704
224.704
224.704
224.704
224.704
224.704
224.704
224.704
336.195
336.195
336.195
336.195
336.195
336.195
336.195
336.195
336.195
336.195
336.195
336.195
336.195
336.195
336.195
336.195
336.195
336.195
336.195
336.195
336.195
315.824
336.195
336.195
336.195
315.824
315.824
289.587
315.824
315.824
315.824
248.543
315.824
289.587
315.824
289.587
289.587
248.543
289.587
289.587
248.543
248.543
289.587
289.587
322.96
322.96
322.96
322.96
322.96
322.96
322.96
322.96
322.96
322.96
322.96
322.96
316.007
316.007
322.96
322.96
316.007
316.007
314.784
322.96
322.96
314.784
300.149
300.149
314.784
314.784
292.66
292.66
300.149
300.149
292.66
292.66
286.688
292.66
292.66
286.688
286.688
286.688
286.688
286.688
286.688
286.688
286.688
286.688
286.688
286.688
291.763
291.763
291.763
291.763
291.763
291.763
292.66
292.66
286.688
286.688
286.688
286.688
291.763
291.763
291.763
291.763
291.763
291.763
291.763
291.763
291.763
291.763
291.763
291.763
291.763
291.763
335.785
335.785
335.785
335.785
335.785
335.785
335.785
335.785
335.785
335.785
335.785
332.625
332.625
335.785
332.625
332.625
332.625
332.625
332.625
332.625
332.625
332.625
265.638
332.625
332.625
265.638
265.638
265.638
265.638
265.638
265.638
332.625
265.638
265.638
265.638
265.638
265.638
309.623
332.625
188.436
309.623
332.625
332.625
188.436
309.623
309.623
188.436
188.436
260.969
260.969
260.969
260.969
203.342
203.342
203.342
203.342
203.342
203.342
203.342
203.342
228.3
228.3
228.3
228.3
264.87
264.87
264.87
264.87
261.509
261.509
261.509
261.509
276.398
276.398
338.797
338.797
276.398
276.398
286.387
286.387
338.797
338.797
338.797
338.797
286.387
286.387
338.797
338.797
230.147
230.147
338.797
338.797
230.147
338.797
230.147
338.797
230.147
333.725
230.147
333.725
341.862
341.862
230.147
230.147
333.725
333.725
341.862
341.862
341.862
341.862
341.862
341.862
341.862
276.578
276.578
341.862
276.578
276.578
276.578
341.862
276.578
276.578
276.578
341.862
276.578
276.578
276.578
276.578
361.216
287.164
361.216
287.164
287.164
361.216
287.164
287.164
361.216
287.164
287.164
287.164
287.164
287.164
378.094
378.094
287.164
287.164
287.164
378.094
378.094
378.094
378.094
287.164
287.164
287.164
378.094
378.094
287.164
378.094
378.094
287.164
378.094
378.094
287.164
287.164
378.094
378.094
378.094
378.094
378.094
378.094
378.094
378.094
380.873
380.873
380.873
380.873
475.584
475.584
475.584
312.03
312.03
475.584
312.03
312.03
312.03
312.03
312.03
312.03
312.03
312.03
312.03
312.03
312.03
312.03
312.03
371.384
221.84
312.03
312.03
312.03
371.384
221.84
312.03
312.03
312.03
371.384
221.84
302.531
312.03
312.03
312.03
371.384
221.84
302.531
302.531
302.531
302.531
302.531
302.531
302.531
302.531
302.531
302.531
302.531
302.531
302.531
302.531
302.531
305.47
305.47
305.47
305.47
305.47
305.47
305.47
305.47
305.47
305.47
272.222
272.222
240.171
305.47
272.222
240.171
240.171
240.171
240.171
305.47
272.222
240.171
240.171
240.171
275.143
240.171
275.143
275.143
275.143
275.143
316.523
253.733
240.171
240.171
275.143
275.143
275.143
275.143
240.171
275.143
275.143
275.143
275.143
316.523
275.143
275.143
275.143
267.647
267.647
316.523
253.733
267.647
253.733
267.647
267.647
316.523
267.647
253.733
267.647
267.647
255.47
255.47
255.47
255.47
291.316
279.715
217.842
217.842
217.842
291.316
279.715
217.842
217.842
217.842
291.316
279.715
217.842
217.842
217.842
291.316
279.715
217.842
217.842
217.842
241.79
241.79
241.79
241.79
241.79
272.223
272.223
272.223
272.223
300.586
241.79
272.223
272.223
272.223
272.223
300.586
241.79
272.223
272.223
272.223
272.223
300.586
241.79
272.223
272.223
272.223
272.223
300.586
300.586
300.586
211.465
300.586
211.465
300.586
211.465
211.465
215.348
215.348
353.366
215.348
353.366
215.348
353.366
353.366
290.695
277.256
277.256
275.599
241.024
290.695
277.256
277.256
275.599
241.024
290.695
277.256
277.256
275.599
241.024
290.695
277.256
277.256
275.599
241.024
241.024
241.024
241.024
241.024
269.357
269.357
240.844
269.357
269.357
240.844
269.357
269.357
240.844
269.357
269.357
240.844
269.357
269.357
269.357
269.357
269.357
180.923
269.357
269.357
180.923
269.357
269.357
180.923
269.357
269.357
269.357
180.923
200.643
269.365
269.365
269.365
200.643
269.365
269.365
200.643
269.365
269.365
200.643
269.365
269.365
269.365
319.497
319.497
287.635
319.497
224.927
280.315
269.365
319.497
269.365
319.497
287.635
319.497
224.927
280.315
287.635
280.315
287.635
319.497
224.927
280.315
280.315
264.594
264.594
264.594
264.594
264.594
264.594
319.497
224.927
280.315
280.315
264.594
280.315
264.594
264.594
264.594
264.594
264.594
264.594
264.594
264.594
264.594
264.594
264.594
264.594
264.594
264.594
264.594
264.594
264.594
264.594
264.594
264.594
264.594
264.594
264.594
264.594
264.594
322.203
264.594
264.594
322.203
264.594
264.594
322.203
232.885
232.885
239.559
239.559
239.559
239.559
239.559
311.136
315.315
331.689
232.885
232.885
239.559
239.559
239.559
239.559
239.559
311.136
315.315
331.689
232.885
232.885
239.559
239.559
239.559
239.559
239.559
311.136
315.315
331.689
322.203
232.885
232.885
239.559
239.559
239.559
239.559
239.559
311.136
315.315
331.689
341.445
341.445
341.445
341.445
341.445
341.445
341.445
228.948
228.948
228.948
228.948
283.311
283.311
283.311
283.311
228.948
228.948
228.948
228.948
283.311
283.311
283.311
283.311
228.948
228.948
228.948
228.948
283.311
283.311
283.311
283.311
341.445
228.948
228.948
228.948
228.948
283.311
283.311
283.311
283.311
203.332
203.332
203.332
346.229
346.229
203.332
203.332
203.332
346.229
346.229
203.332
203.332
203.332
346.229
346.229
203.332
203.332
203.332
346.229
346.229
321.436
321.436
321.436
321.436
321.436
321.436
321.436
321.436
343.183
343.183
343.183
343.183
343.183
290.773
343.183
343.183
260.805
259.023
321.436
321.436
321.436
321.436
343.183
343.183
343.183
343.183
343.183
290.773
343.183
343.183
260.805
259.023
321.436
321.436
321.436
321.436
343.183
343.183
343.183
343.183
343.183
290.773
343.183
343.183
260.805
259.023
321.436
321.436
321.436
321.436
343.183
343.183
343.183
343.183
343.183
290.773
343.183
343.183
260.805
259.023
260.805
260.805
266.785
260.805
260.805
266.785
260.805
260.805
266.785
260.805
260.805
266.785
279.858
279.858
339.438
327.089
327.089
327.089
244.039
244.039
244.039
279.858
339.438
327.089
327.089
327.089
244.039
339.438
327.089
327.089
327.089
244.039
244.039
279.858
339.438
327.089
327.089
327.089
244.039
244.039
286.91
286.91
244.039
244.039
244.039
244.039
286.91
244.039
244.039
244.039
286.91
286.91
244.039
286.91
244.039
244.039
244.039
244.039
286.91
286.91
286.91
286.91
286.91
335.064
335.064
221.947
252.899
252.899
252.899
335.064
335.064
221.947
252.899
252.899
252.899
335.064
335.064
221.947
252.899
252.899
252.899
249.705
249.705
249.705
286.91
249.705
249.705
335.064
335.064
221.947
252.899
252.899
252.899
249.705
249.705
249.705
249.705
373.354
260.321
260.321
337.835
312.802
249.705
249.705
373.354
260.321
260.321
337.835
312.802
373.354
260.321
260.321
337.835
312.802
249.705
373.354
260.321
260.321
337.835
312.802
398.557
366.681
398.557
366.681
337.412
398.557
366.681
398.557
337.412
337.412
366.681
337.412
337.412
337.412
337.412
332.608
332.608
278.898
278.898
332.608
332.608
278.898
278.898
302.209
332.608
332.608
278.898
278.898
302.209
337.412
332.608
332.608
278.898
278.898
302.209
302.209
350.191
352.16
349.82
328.686
302.209
350.191
352.16
349.82
328.686
264.609
302.209
350.191
352.16
349.82
328.686
302.209
302.209
350.191
352.16
349.82
328.686
264.609
264.609
264.609
229.443
229.443
229.443
264.989
264.989
264.989
264.989
232.566
264.989
264.989
264.989
264.989
232.566
214.898
214.898
264.989
264.989
264.989
264.989
232.566
229.443
264.989
264.989
264.989
264.989
232.566
214.898
214.898
214.898
214.898
214.898
214.898
214.898
214.898
214.898
260.707
214.898
214.898
214.898
214.898
214.898
260.707
259.989
214.898
214.898
214.898
214.898
214.898
214.898
214.898
260.707
214.898
259.989
259.989
214.898
214.898
214.898
214.898
260.707
259.989
259.989
267.875
195.969
195.969
195.969
195.969
310.12
310.12
286.537
286.537
310.12
259.989
267.875
195.969
195.969
195.969
195.969
310.12
310.12
286.537
286.537
310.12
277.651
295.807
295.807
376.88
259.989
267.875
195.969
195.969
195.969
195.969
310.12
310.12
286.537
286.537
310.12
259.989
277.651
277.651
267.875
295.807
295.807
195.969
295.807
295.807
195.969
376.88
376.88
195.969
195.969
310.12
310.12
286.537
286.537
310.12
277.651
295.807
295.807
376.88
368.185
368.185
368.185
368.185
368.185
368.185
368.185
368.185
406.083
282.862
282.862
427.597
406.083
282.862
282.862
427.597
406.083
282.862
282.862
427.597
406.083
282.862
282.862
427.597
387.564
387.564
387.564
387.564
221.672
221.672
221.672
221.672
221.672
221.672
221.672
221.672
238.412
238.412
221.672
221.672
221.672
221.672
238.412
238.412
221.672
221.672
221.672
221.672
238.412
238.412
238.412
221.672
221.672
221.672
221.672
238.412
238.412
238.412
238.412
238.412
238.412
238.412
238.412
312.542
312.542
312.542
238.412
312.542
379.728
382.438
285.622
285.622
285.622
379.728
382.438
285.622
285.622
285.622
285.622
379.728
382.438
285.622
285.622
285.622
285.622
379.728
382.438
285.622
285.622
285.622
285.622
261.255
285.622
261.255
261.255
217.002
261.255
261.255
261.255
261.255
261.255
217.002
261.255
261.255
261.255
273.833
261.255
217.002
261.255
261.255
261.255
273.833
261.255
261.255
217.002
261.255
261.255
261.255
273.833
273.833
273.833
273.833
273.833
273.833
273.833
273.833
323.202
289.321
336.966
273.833
273.833
323.202
289.321
336.966
282.755
273.833
273.833
323.202
289.321
336.966
282.755
273.833
273.833
323.202
289.321
336.966
282.755
314.769
314.769
293.395
298.246
298.246
310.44
342.891
314.769
314.769
293.395
298.246
298.246
310.44
342.891
323.694
314.769
314.769
293.395
298.246
298.246
310.44
342.891
323.694
282.755
314.769
314.769
293.395
298.246
298.246
310.44
342.891
323.694
323.694
292.504
292.504
292.504
292.504
320.778
320.778
320.778
320.778
263.928
263.928
263.928
306.994
247.109
263.928
263.928
263.928
306.994
247.109
263.928
263.928
263.928
306.994
247.109
263.928
263.928
263.928
306.994
247.109
247.109
247.109
247.109
247.109
247.109
247.109
247.109
247.109
297.629
297.629
297.629
305.07
305.07
251.89
297.629
297.629
297.629
305.07
305.07
251.89
297.629
297.629
297.629
305.07
305.07
251.89
297.629
297.629
297.629
305.07
305.07
251.89
271.327
271.327
271.327
298.929
298.929
298.929
298.929
298.929
304.743
317.823
317.823
257.005
257.005
257.005
257.005
257.005
228.689
228.689
228.689
228.689
298.929
304.743
317.823
317.823
257.005
257.005
257.005
257.005
257.005
228.689
228.689
228.689
228.689
304.743
317.823
317.823
257.005
257.005
257.005
257.005
257.005
228.689
228.689
228.689
228.689
271.327
298.929
298.929
304.743
317.823
317.823
257.005
257.005
257.005
257.005
257.005
228.689
228.689
228.689
228.689
228.689
228.689
273.406
228.689
273.406
228.689
273.406
273.406
301.983
301.983
301.983
301.983
301.983
301.983
301.983
301.983
301.983
301.983
301.983
301.983
301.983
301.983
301.983
301.983
301.983
301.983
301.983
301.983
374.021
374.021
374.021
374.021
273.752
273.752
273.752
273.752
272.826
272.826
272.826
272.826
272.826
203.525
272.504
272.504
272.826
203.525
272.504
272.504
272.826
203.525
272.504
272.504
290.596
272.826
203.525
272.504
272.504
290.596
290.596
290.596
314.909
314.909
314.909
253.134
253.134
314.909
253.134
253.134
253.134
253.134
198.946
198.946
198.946
253.134
198.946
198.946
198.946
198.946
243.953
198.946
243.953
243.953
198.946
243.953
243.953
243.953
278.343
278.343
243.953
243.953
278.343
278.343
324.512
208.136
208.136
243.953
243.953
243.953
243.953
278.343
253.134
278.343
198.946
324.512
324.512
198.946
208.136
208.136
198.946
208.136
208.136
243.953
243.953
243.953
243.953
278.343
278.343
324.512
208.136
208.136
200.953
200.953
200.953
186.754
200.953
220.814
220.814
220.814
375.823
375.823
325.666
387.713
387.713
186.754
200.953
220.814
220.814
220.814
375.823
375.823
186.754
200.953
220.814
220.814
220.814
375.823
375.823
325.666
325.666
200.953
186.754
200.953
220.814
220.814
248.369
248.369
248.369
248.369
387.713
387.713
248.369
248.369
387.713
387.713
248.369
248.369
248.369
248.369
220.814
375.823
375.823
248.369
248.369
325.666
387.713
387.713
248.369
248.369
248.369
248.369
248.369
248.369
248.369
248.369
248.369
248.369
248.369
248.369
319.63
298.723
290.756
288.184
253.088
237.515
237.515
319.63
298.723
290.756
288.184
253.088
237.515
237.515
336.444
319.63
298.723
290.756
288.184
253.088
237.515
237.515
319.63
298.723
290.756
288.184
253.088
237.515
237.515
336.444
336.444
317.749
336.444
317.749
241.22
241.22
241.22
317.749
241.22
241.22
241.22
317.749
317.749
241.22
241.22
241.22
317.749
241.22
241.22
241.22
317.749
317.749
359.871
359.871
359.871
359.871
363.238
363.238
317.123
317.123
310.45
310.45
363.238
363.238
317.123
317.123
310.45
310.45
310.45
363.238
363.238
317.123
317.123
310.45
310.45
363.238
363.238
317.123
317.123
310.45
310.45
310.45
310.45
310.45
279.955
310.45
310.45
310.45
310.45
279.955
279.955
279.955
279.955
279.955
335.113
334.472
334.472
279.955
279.955
335.113
334.472
334.472
279.955
279.955
335.113
334.472
334.472
279.955
279.955
335.113
334.472
334.472
349.144
349.144
349.144
349.144
349.144
349.144
349.144
349.144
303.448
303.448
208.667
208.667
208.667
208.667
208.667
303.448
208.667
208.667
208.667
380.781
208.667
380.781
303.448
208.667
208.667
208.667
380.781
380.781
380.781
335.419
306.204
306.204
306.204
306.204
380.781
335.419
306.204
306.204
306.204
306.204
380.781
380.781
335.419
306.204
306.204
306.204
335.419
306.204
306.204
306.204
328.839
328.839
328.839
328.839
306.204
328.839
328.839
306.204
328.839
328.839
328.839
328.839
328.839
328.839
263.675
263.675
263.675
259.94
162.761
169.612
169.612
169.612
169.612
169.612
233.224
259.94
162.761
169.612
169.612
169.612
169.612
169.612
233.224
250.352
259.94
162.761
169.612
169.612
169.612
169.612
169.612
233.224
250.352
250.352
250.352
261.946
263.675
250.352
259.94
250.352
261.946
162.761
250.352
250.352
169.612
261.946
250.352
169.612
261.946
261.946
169.612
261.946
169.612
169.612
233.224
250.352
250.352
250.352
261.946
261.946
261.946
261.946
261.946
253.676
261.946
261.946
261.946
229.948
229.948
229.948
311.687
324.134
339.215
253.676
261.946
261.946
261.946
229.948
229.948
229.948
253.676
261.946
261.946
261.946
229.948
229.948
229.948
261.946
311.687
253.676
261.946
261.946
261.946
229.948
339.215
324.217
201.387
201.387
324.134
339.215
339.215
324.217
201.387
311.687
324.134
339.215
339.215
324.217
229.948
201.387
201.387
229.948
201.387
311.687
324.134
339.215
339.215
324.217
201.387
201.387
201.387
201.387
201.387
278.871
298.108
318.666
318.666
282.532
282.532
330.06
330.06
330.06
330.06
278.871
298.108
318.666
318.666
282.532
282.532
330.06
330.06
330.06
330.06
330.06
328.425
328.425
328.425
278.871
298.108
318.666
318.666
282.532
282.532
330.06
330.06
330.06
330.06
201.387
330.06
330.06
278.871
328.425
328.425
298.108
328.425
328.425
318.666
328.425
328.425
318.666
282.532
282.532
330.06
330.06
330.06
330.06
330.06
328.425
328.425
328.425
328.425
307.743
307.743
328.425
307.743
307.743
328.425
307.743
307.743
307.743
328.425
307.743
307.743
307.743
307.743
307.743
307.743
307.743
307.743
307.743
307.743
307.743
307.743
307.743
303.692
270.439
303.692
270.439
270.439
270.439
270.439
270.439
297.006
303.692
270.439
297.006
297.006
270.439
303.692
270.439
270.439
270.439
297.006
303.692
306.671
303.692
306.671
306.671
270.439
297.006
297.006
306.671
303.692
297.006
306.671
297.006
306.671
303.692
306.671
306.671
279.082
279.082
279.082
279.082
244.992
244.992
261.091
200.956
200.956
200.956
200.956
200.956
200.956
200.956
200.956
187.244
196.683
196.683
244.992
244.992
261.091
200.956
200.956
200.956
200.956
200.956
200.956
200.956
200.956
187.244
196.683
196.683
244.992
244.992
261.091
200.956
200.956
200.956
200.956
200.956
200.956
200.956
200.956
187.244
196.683
196.683
244.992
244.992
261.091
200.956
200.956
200.956
200.956
200.956
200.956
200.956
200.956
187.244
196.683
196.683
196.683
196.683
196.683
227.878
227.878
194.973
203.65
203.65
220.907
220.907
219.484
219.484
219.484
219.484
219.484
219.484
219.484
227.878
227.878
194.973
203.65
203.65
220.907
220.907
219.484
219.484
219.484
227.878
227.878
194.973
203.65
203.65
220.907
220.907
219.484
219.484
219.484
196.683
219.484
219.484
227.878
219.484
219.484
227.878
219.484
219.484
194.973
219.484
219.484
203.65
203.65
220.907
220.907
219.484
219.484
219.484
219.484
219.484
219.484
219.484
219.484
219.484
219.484
219.484
