0
0
0
0
0
0
0
0
0
0
0
0
0
0
0
0
0
68.7987
0
68.7987
68.7987
68.7984
68.7987
0
0
53.6134
68.7984
0
53.6134
53.6134
0
53.6134
0
0
0
0
0
0
0
0
0
0
0
0
68.7987
0
68.7987
0
68.7987
68.7984
68.7987
53.6134
68.7984
53.6134
53.6134
53.6134
53.6134
53.6134
53.6134
53.6134
53.6134
53.6134
53.6134
58.1642
58.1642
58.1642
48.4371
48.4371
48.4371
48.4371
48.4371
48.4371
48.4371
48.4371
46.6307
46.6307
46.6307
46.6307
46.6307
46.6307
48.4371
46.5664
46.5664
46.0594
46.0594
41.9337
41.9337
46.6307
41.9335
41.9335
53.6134
46.6307
33.3242
33.3242
46.6307
33.3242
33.3242
46.5664
46.0594
58.1642
41.9337
48.4371
41.9335
48.4371
33.3242
48.4371
33.3242
46.6307
46.6307
46.6307
46.5664
46.0594
41.9337
41.9335
33.3242
33.3242
33.3234
33.3234
33.3234
30.5124
30.5124
30.5124
28.2949
28.2949
28.2949
33.3234
28.2949
28.2949
28.2949
27.7303
27.7303
27.7303
27.7303
27.7303
27.7303
30.5124
27.7303
27.7303
27.7303
27.7303
27.7303
27.7303
27.7303
27.7303
27.7303
27.7294
27.7294
27.7294
27.7298
27.7298
27.7298
27.7298
27.7298
27.7298
28.2949
27.6207
27.6207
27.6207
27.6207
27.6207
27.6207
27.6207
27.6207
27.6207
28.2949
27.7303
27.7303
27.7303
27.7303
27.7303
27.7294
27.7298
27.7298
27.6207
27.6207
27.6207
27.6207
27.6207
27.6207
27.6207
27.3103
27.3103
27.3103
27.3102
27.3102
27.3102
27.3102
27.3102
27.3102
27.3103
27.309
27.309
27.309
27.3086
27.3086
27.3086
27.3086
27.3086
27.3086
27.3078
27.3078
27.3078
27.3102
27.1994
27.1994
27.1994
27.1973
27.1973
27.1973
27.1973
27.1973
27.1973
27.194
27.194
27.194
27.3102
27.1938
27.1938
27.1938
27.1935
27.1935
27.1935
27.1935
27.1935
27.1935
27.309
27.3086
27.3086
27.3078
27.1994
27.1973
27.1973
27.194
27.1938
27.1935
27.1935
27.1935
27.1935
27.1935
27.1935
27.1935
27.1935
27.1935
27.1935
27.1935
27.1935
27.1916
27.1916
27.1916
27.1935
27.1917
27.1917
27.1917
27.1907
27.1907
27.1907
27.1901
27.1901
27.1901
27.1903
27.1903
27.1903
27.1902
27.1902
27.1902
27.1935
27.1895
27.1895
27.1895
27.1904
27.1904
27.1904
27.19
27.19
27.19
27.1885
27.1885
27.1885
27.1916
27.1881
27.1881
27.1881
27.1881
27.1881
27.1881
27.1917
27.1907
27.1901
27.1903
27.1902
27.1895
27.1904
27.19
27.1885
27.1881
27.1881
27.1881
27.1881
27.1881
27.1881
27.187
27.187
27.187
27.1861
27.1861
27.1861
27.1855
27.1855
27.1855
27.187
27.1853
27.1853
27.1853
27.1848
27.1848
27.1848
27.1861
27.1848
27.1848
27.1848
27.1847
27.1847
27.1847
27.1844
27.1844
27.1844
27.1855
27.1833
27.1833
27.1833
27.1831
27.1831
27.1831
27.1853
27.183
27.183
27.183
27.1824
27.1824
27.1824
27.1807
27.1807
27.1807
27.1848
27.1807
27.1807
27.1807
27.1848
27.1847
27.1844
27.1833
27.1831
27.183
27.1824
27.1807
27.1807
27.18
27.18
27.18
27.18
27.18
27.18
27.18
27.18
27.18
27.18
27.1796
27.1796
27.1796
27.1784
27.1784
27.1784
27.18
27.1783
27.1783
27.1783
27.1783
27.1783
27.1783
27.1781
27.1781
27.1781
27.18
27.1778
27.1778
27.1778
27.1767
27.1767
27.1767
27.1766
27.1766
27.1766
27.1756
27.1756
27.1756
27.1756
27.1756
27.1756
27.1796
27.1756
27.1756
27.1756
27.1752
27.1752
27.1752
27.1784
27.1783
27.1783
27.1781
27.1778
27.1767
27.1766
27.1756
27.1756
27.1756
27.1752
27.1748
27.1748
27.1749
27.1748
27.1749
27.1741
27.1741
27.1726
27.1726
27.1726
27.1726
27.1749
27.1722
27.1722
27.1722
27.1722
27.1715
27.1715
27.1741
27.1748
27.1708
27.1708
27.1726
27.17
27.17
27.1726
27.1696
27.1696
27.1722
27.1693
27.1693
27.1722
27.1693
27.1693
27.1715
27.1688
27.1688
27.1708
27.1749
27.1684
27.1684
27.17
27.1696
27.1741
27.1693
27.1726
27.1693
27.1726
27.1688
27.1722
27.1684
27.1722
27.1715
27.1708
27.17
27.1696
27.1693
27.1693
27.1688
27.1684
27.1688
27.1688
27.1688
27.1688
27.1672
27.1672
27.1672
27.1672
27.1672
27.1672
27.1672
27.1672
27.1672
27.1672
27.1671
27.1671
27.1671
27.1672
27.1653
27.1653
27.1653
27.1653
27.1653
27.1653
27.1653
27.1653
27.1653
27.1672
27.1653
27.1653
27.1653
27.1653
27.1653
27.1653
27.1653
27.1653
27.1653
27.1648
27.1648
27.1671
27.1648
27.1643
27.1643
27.1643
27.1642
27.1642
27.1642
27.1621
27.1621
27.1621
27.1653
27.1653
27.1653
27.1653
27.1653
27.1653
27.1648
27.1643
27.1642
27.1621
27.1621
27.1621
27.1621
27.1621
27.1617
27.1617
27.1617
27.1612
27.1612
27.1612
27.1605
27.1605
27.1605
27.16
27.16
27.16
27.1617
27.16
27.16
27.16
27.1598
27.1598
27.1598
27.1595
27.1595
27.1595
27.1562
27.1562
27.1562
27.1612
27.1555
27.1555
27.1555
27.1558
27.1558
27.1558
27.1558
27.1558
27.1558
27.1605
27.1557
27.1557
27.1557
27.1554
27.1554
27.1554
27.1553
27.1553
27.1553
27.16
27.16
27.1598
27.1595
27.1562
27.1555
27.1558
27.1558
27.1557
27.1554
27.1553
27.1553
27.1553
27.1553
27.1553
27.1553
27.1553
27.1553
27.1541
27.1541
27.1541
27.1534
27.1534
27.1534
27.1553
27.1533
27.1533
27.1533
27.1529
27.1529
27.1529
27.1527
27.1527
27.1527
27.1508
27.1508
27.1508
27.1541
27.15
27.15
27.15
27.15
27.15
27.15
27.1503
27.1503
27.1503
27.1495
27.1495
27.1488
27.1488
27.1495
27.1488
27.1488
27.1488
27.1488
27.1488
27.1534
27.1488
27.1533
27.1488
27.1529
27.1527
27.1508
27.15
27.15
27.1503
27.1495
27.1488
27.1488
27.1488
27.1478
27.1478
27.1478
27.1483
27.1483
27.1475
27.1483
27.1475
27.147
27.147
27.1466
27.1466
27.145
27.1475
27.145
27.147
27.145
27.145
27.1466
27.145
27.145
27.145
27.145
27.145
27.1447
27.145
27.1441
27.145
27.145
27.1441
27.1447
27.142
27.1441
27.142
27.1441
27.1447
27.1425
27.142
27.142
27.1441
27.1478
27.1425
27.1441
27.142
27.1483
27.142
27.1475
27.1425
27.147
27.1466
27.145
27.145
27.145
27.145
27.1447
27.1441
27.1441
27.142
27.142
27.1425
27.1424
27.1424
27.1424
27.1419
27.1419
27.1419
27.1416
27.1416
27.1407
27.1407
27.1416
27.1407
27.1407
27.1405
27.1405
27.1407
27.1388
27.1388
27.1387
27.1387
27.1407
27.1388
27.1388
27.1384
27.1405
27.1384
27.1384
27.1384
27.1376
27.1388
27.1376
27.1366
27.1366
27.1372
27.1387
27.1372
27.1371
27.1371
27.1388
27.1424
27.1384
27.1384
27.1419
27.1376
27.1416
27.1366
27.1407
27.1372
27.1407
27.1371
27.1405
27.1388
27.1387
27.1388
27.1384
27.1384
27.1376
27.1366
27.1372
27.1371
27.1362
27.1362
27.1362
27.1358
27.1358
27.1358
27.1358
27.1358
27.1353
27.1358
27.1353
27.1353
27.1353
27.1345
27.1353
27.1345
27.1338
27.1331
27.1338
27.1353
27.1331
27.1331
27.1319
27.1331
27.1345
27.1319
27.1319
27.1319
27.1319
27.1338
27.1319
27.1319
27.1305
27.1319
27.1304
27.1305
27.1331
27.1362
27.1304
27.1331
27.1319
27.1358
27.1358
27.1353
27.1319
27.1319
27.1319
27.1305
27.1353
27.1304
27.1345
27.1338
27.1331
27.1331
27.1319
27.1319
27.1319
27.1319
27.1305
27.1304
27.1301
27.1301
27.1301
27.1299
27.1299
27.1295
27.1295
27.1295
27.1295
27.1299
27.1288
27.1288
27.1288
27.1288
27.1287
27.1287
27.1276
27.1276
27.1295
27.1277
27.1277
27.1262
27.1262
27.1259
27.1295
27.1259
27.1253
27.1253
27.1247
27.1247
27.1247
27.1247
27.1288
27.122
27.122
27.1301
27.1288
27.1299
27.1287
27.1295
27.1276
27.1295
27.1277
27.1262
27.1288
27.1259
27.1288
27.1253
27.1287
27.1247
27.1276
27.1247
27.1277
27.122
27.1262
27.1259
27.1253
27.1247
27.1247
27.122
27.1245
27.1245
27.1245
27.1225
27.1225
27.1222
27.1222
27.1225
27.1222
27.1222
27.1222
27.1222
27.1222
27.1222
27.1222
27.1217
27.1217
27.1191
27.1191
27.1191
27.1191
27.1222
27.1191
27.1191
27.1191
27.1191
27.1191
27.1191
27.1186
27.1186
27.1222
27.1179
27.1179
27.1177
27.1177
27.1245
27.1222
27.1217
27.1225
27.1191
27.1222
27.1191
27.1222
27.1191
27.1191
27.1222
27.1191
27.1222
27.1186
27.1217
27.1179
27.1177
27.1191
27.1191
27.1191
27.1191
27.1191
27.1186
27.1179
27.1177
27.1146
27.1146
27.1146
27.1146
27.1146
27.1146
27.1146
27.1154
27.1154
27.1154
27.1146
27.115
27.115
27.115
27.1146
27.1146
27.1146
27.1143
27.1143
27.1143
27.1154
27.1123
27.1123
27.1123
27.1123
27.1123
27.1123
27.1123
27.1123
27.1123
27.1123
27.1119
27.1119
27.1121
27.1121
27.1123
27.1111
27.1111
27.1108
27.1108
27.1106
27.1106
27.1123
27.115
27.1119
27.1146
27.1121
27.1143
27.1111
27.1123
27.1108
27.1123
27.1106
27.1123
27.1123
27.1119
27.1121
27.1111
27.1108
27.1106
27.1106
27.1106
27.1091
27.1106
27.1091
27.1091
27.1091
27.1068
27.1091
27.1106
27.1091
27.1068
27.1068
27.1068
27.1068
27.1068
27.1068
27.1068
27.1065
27.1068
27.1068
27.1068
27.1068
27.1068
27.106
27.1065
27.1055
27.1065
27.1068
27.1055
27.106
27.1068
27.1047
27.1055
27.106
27.1047
27.1055
27.1055
27.1047
27.1047
27.1055
27.1091
27.1047
27.1047
27.1047
27.1047
27.1091
27.1047
27.1068
27.1068
27.1068
27.1068
27.1065
27.1068
27.106
27.1055
27.1055
27.1047
27.1047
27.1047
27.1047
27.1047
27.1045
27.1045
27.103
27.103
27.1032
27.1032
27.1027
27.1027
27.1021
27.1021
27.1013
27.1013
27.1047
27.1002
27.1045
27.1002
27.1002
27.103
27.1
27.1032
27.0985
27.0985
27.1027
27.1021
27.0981
27.1013
27.0981
27.1002
27.1002
27.0972
27.1002
27.1047
27.1
27.1
27.0985
27.0985
27.0985
27.0985
27.1045
27.0981
27.0981
27.0981
27.0981
27.0972
27.0972
27.103
27.1032
27.1027
27.1021
27.1013
27.1002
27.1002
27.1
27.0985
27.0985
27.0981
27.0981
27.0972
27.096
27.096
27.096
27.0962
27.0962
27.0962
27.0963
27.0963
27.0956
27.0956
27.0955
27.0963
27.0955
27.0954
27.0954
27.0956
27.0946
27.0955
27.0929
27.0954
27.0946
27.0929
27.0946
27.0929
27.0929
27.0929
27.0931
27.0929
27.0929
27.0929
27.0929
27.0931
27.0931
27.0931
27.0931
27.0933
27.096
27.0931
27.0933
27.0921
27.0933
27.0921
27.0904
27.0921
27.0904
27.0962
27.0904
27.0963
27.0956
27.0955
27.0954
27.0946
27.0929
27.0929
27.0929
27.0931
27.0931
27.0933
27.0921
27.0904
27.0904
27.0904
27.0904
27.0904
27.0904
27.0904
27.0904
27.092
27.092
27.092
27.092
27.092
27.092
27.0904
27.0913
27.0913
27.0913
27.0913
27.0913
27.0913
27.0907
27.0907
27.0907
27.0902
27.0902
27.0902
27.092
27.0898
27.0898
27.0898
27.0898
27.0898
27.0898
27.0873
27.0873
27.0873
27.092
27.0872
27.0872
27.0872
27.0872
27.0872
27.0872
27.0872
27.0872
27.0872
27.0872
27.0872
27.0872
27.0913
27.0913
27.0907
27.0902
27.0898
27.0898
27.0873
27.0872
27.0872
27.0872
27.0872
27.0872
27.0872
27.0872
27.0872
27.0872
27.0872
27.0872
27.0859
27.0859
27.0859
27.0857
27.0857
27.0857
27.0872
27.0856
27.0856
27.0856
27.0846
27.0846
27.0846
27.0846
27.0846
27.0846
27.0846
27.0846
27.0846
27.0859
27.0835
27.0835
27.0835
27.0832
27.0832
27.0832
27.0832
27.0832
27.0832
27.0857
27.0824
27.0824
27.0824
27.0824
27.0824
27.0824
27.082
27.082
27.082
27.0809
27.0809
27.0809
27.0856
27.0846
27.0846
27.0846
27.0835
27.0832
27.0832
27.0824
27.0824
27.082
27.0809
27.0809
27.0809
27.0809
27.0809
27.0798
27.0798
27.0798
27.0798
27.0798
27.0798
27.0793
27.0793
27.0793
27.0798
27.0774
27.0774
27.0774
27.0773
27.0773
27.0773
27.0798
27.0773
27.0773
27.0773
27.0772
27.0772
27.0772
27.0769
27.0769
27.0769
27.0793
27.0755
27.0755
27.0755
27.0763
27.0763
27.0763
27.0774
27.0763
27.0763
27.0763
27.0757
27.0757
27.0757
27.0725
27.0725
27.0725
27.0773
27.0724
27.0724
27.0724
27.0773
27.0772
27.0769
27.0755
27.0763
27.0763
27.0757
27.0725
27.0724
27.0724
27.0724
27.0724
27.0724
27.0724
27.0724
27.0724
27.0724
27.0724
27.0724
27.0721
27.0721
27.0721
27.0721
27.0721
27.0721
27.0724
27.0721
27.0721
27.0721
27.0721
27.0721
27.0721
27.0694
27.0694
27.0694
27.0694
27.0694
27.0694
27.0691
27.0691
27.0691
27.0724
27.0688
27.0688
27.0688
27.0689
27.0689
27.0689
27.0685
27.0685
27.0685
27.0685
27.0685
27.0685
27.0683
27.0683
27.0683
27.0721
27.0721
27.0721
27.0721
27.0694
27.0694
27.0691
27.0688
27.0689
27.0685
27.0685
27.0683
27.0676
27.0676
27.0676
27.0676
27.0666
27.0666
27.0666
27.0663
27.0663
27.0663
27.0656
27.0656
27.0656
27.0666
27.0652
27.0652
27.0652
27.0651
27.0651
27.0651
27.0663
27.0655
27.0655
27.0655
27.0646
27.0646
27.0646
27.0656
27.0641
27.0641
27.0641
27.0641
27.0641
27.0641
27.0641
27.0641
27.0641
27.0639
27.0639
27.0639
27.0626
27.0626
27.0626
27.0626
27.0626
27.0626
27.0626
27.0626
27.0652
27.0626
27.0651
27.0655
27.0646
27.0641
27.0641
27.0641
27.0639
27.0626
27.0626
27.0626
27.0623
27.0623
27.0623
27.0623
27.062
27.062
27.062
27.062
27.062
27.062
27.062
27.0604
27.0604
27.0604
27.0604
27.0604
27.0604
27.0595
27.0595
27.0595
27.062
27.0595
27.0595
27.0595
27.0584
27.0584
27.0584
27.0584
27.0584
27.0584
27.0604
27.057
27.057
27.057
27.057
27.057
27.057
27.0604
27.0567
27.0567
27.0567
27.0573
27.0573
27.0573
27.0595
27.0571
27.0571
27.0571
27.0569
27.0569
27.0569
27.0595
27.0584
27.0584
27.057
27.057
27.0567
27.0573
27.0571
27.0569
27.0563
27.0563
27.0551
27.0551
27.0563
27.0551
27.0551
27.0551
27.0551
27.054
27.054
27.054
27.0541
27.0537
27.0541
27.0541
27.0537
27.0531
27.0563
27.0531
27.0537
27.0517
27.0531
27.0515
27.0517
27.0515
27.0517
27.0516
27.0516
27.0515
27.0515
27.0515
27.0516
27.0505
27.0551
27.0505
27.0501
27.0515
27.0501
27.0505
27.0499
27.0499
27.0501
27.0497
27.0497
27.0499
27.0551
27.0497
27.054
27.0541
27.0537
27.0531
27.0517
27.0515
27.0516
27.0515
27.0505
27.0501
27.0499
27.0497
27.0484
27.0484
27.0484
27.0484
27.0484
27.0484
27.0484
27.0484
27.0484
27.0484
27.048
27.048
27.048
27.0484
27.0478
27.0478
27.0478
27.0452
27.0452
27.0452
27.0452
27.0452
27.0452
27.0473
27.0473
27.0473
27.0484
27.047
27.047
27.047
27.046
27.046
27.046
27.0447
27.0447
27.0447
27.048
27.0447
27.0447
27.0447
27.0445
27.0445
27.0445
27.0444
27.0444
27.0444
27.0439
27.0439
27.0439
27.0478
27.0452
27.0452
27.0473
27.047
27.046
27.0447
27.0447
27.0445
27.0444
27.0439
27.0439
27.0439
27.0439
27.0439
27.0426
27.0426
27.0426
27.0425
27.0425
27.0425
27.0426
27.0428
27.0428
27.0428
27.0424
27.0424
27.0424
27.0424
27.0424
27.0424
27.0425
27.0426
27.0426
27.0426
27.0424
27.0424
27.0424
27.0428
27.0401
27.0401
27.0401
27.0401
27.0401
27.0401
27.0401
27.0401
27.0401
27.0424
27.04
27.04
27.04
27.039
27.039
27.039
27.0424
27.0384
27.0384
27.0384
27.0379
27.0379
27.0379
27.0426
27.0424
27.0401
27.0401
27.0401
27.04
27.039
27.0384
27.0379
27.0379
27.0379
27.0379
27.0379
27.0375
27.0375
27.0375
27.0371
27.0371
27.0371
27.0357
27.0357
27.0357
27.0375
27.0358
27.0358
27.0358
27.0348
27.0348
27.0348
27.0371
27.0343
27.0343
27.0343
27.034
27.034
27.034
27.034
27.034
27.034
27.0357
27.0333
27.0333
27.0333
27.0333
27.0333
27.0333
27.0358
27.0316
27.0316
27.0316
27.0313
27.0313
27.0313
27.0313
27.0313
27.0313
27.0313
27.0313
27.0313
27.0348
27.0343
27.034
27.034
27.0333
27.0333
27.0316
27.0313
27.0313
27.0313
27.0313
27.0323
27.032
27.0316
27.0304
27.0299
27.0302
27.0289
27.0289
27.0287
27.0269
27.0263
27.0251
27.023
27.0224
27.0313
27.0323
27.032
27.0316
27.0304
27.0299
27.0302
27.0289
27.0289
27.0287
27.0269
27.0263
27.0251
27.023
27.0224
27.0313
27.0323
27.032
27.0316
27.0304
27.0299
27.0302
27.0289
27.0289
27.0287
27.0269
27.0263
27.0251
27.023
27.0224
27.0313
27.0323
27.032
27.0316
27.0304
27.0299
27.0302
27.0289
27.0289
27.0287
27.0269
27.0263
27.0251
27.023
27.0224
27.022
27.022
27.022
27.022
27.0216
27.0216
27.0216
27.0219
27.0219
27.0219
27.0219
27.0219
27.0219
27.0213
27.0213
27.0213
27.0216
27.0211
27.0211
27.0211
27.0209
27.0209
27.0209
27.0209
27.0209
27.0209
27.0195
27.0195
27.0195
27.0219
27.0192
27.0192
27.0192
27.0192
27.0192
27.0192
27.0194
27.0194
27.0194
27.0219
27.019
27.019
27.019
27.0192
27.0192
27.0192
27.0192
27.0192
27.0192
27.0213
27.0211
27.0209
27.0209
27.0195
27.0192
27.0192
27.0194
27.019
27.0192
27.0192
27.0183
27.0183
27.0183
27.0183
27.017
27.017
27.017
27.017
27.017
27.017
27.0167
27.0167
27.0167
27.017
27.0145
27.0145
27.0145
27.0145
27.0145
27.0145
27.017
27.0139
27.0139
27.0139
27.013
27.013
27.013
27.0132
27.0132
27.0132
27.0167
27.0129
27.0129
27.0129
27.0126
27.0126
27.0126
27.0122
27.0122
27.0122
27.0145
27.0116
27.0116
27.0116
27.0101
27.0101
27.0101
27.0099
27.0099
27.0099
27.0145
27.0139
27.013
27.0132
27.0129
27.0126
27.0122
27.0116
27.0101
27.0099
27.0101
27.0101
27.0101
27.0101
27.0099
27.0099
27.0099
27.0097
27.0097
27.0097
27.0099
27.0094
27.0094
27.0094
27.0088
27.0088
27.0088
27.0085
27.0085
27.0085
27.0097
27.0074
27.0074
27.0074
27.0076
27.0076
27.0076
27.0076
27.0076
27.0076
27.0094
27.006
27.006
27.006
27.006
27.006
27.006
27.0051
27.0051
27.0051
27.0051
27.0051
27.0051
27.0049
27.0049
27.0049
27.0049
27.0049
27.0088
27.0049
27.0085
27.0074
27.0076
27.0076
27.006
27.006
27.0051
27.0051
27.0049
27.0049
27.0051
27.0051
27.0051
27.0051
27.0051
27.0051
27.0051
27.0047
27.0047
27.0047
27.0043
27.0043
27.0043
27.0033
27.0033
27.0033
27.0051
27.0033
27.0033
27.0033
27.0033
27.0033
27.0033
27.0031
27.0031
27.0031
27.0025
27.0025
27.0025
27.0025
27.0025
27.0025
27.0047
27.0013
27.0013
27.0013
27.0012
27.0012
27.0012
27.0012
27.0012
27.0012
27
27
27
26.999
27.0043
26.999
26.999
27.0033
27.0033
27.0033
27.0031
27.0025
27.0025
27.0013
27.0012
27.0012
27
26.999
26.9982
26.9982
26.9982
26.9982
26.9977
26.9977
26.9977
26.9977
26.9977
26.9977
26.9977
26.9982
26.9982
26.9982
26.9958
26.9958
26.9958
26.9958
26.9958
26.9958
26.9951
26.9951
26.9951
26.9951
26.9951
26.9951
26.9951
26.9977
26.9951
26.9951
26.9948
26.9948
26.9948
26.9948
26.9948
26.9948
26.9946
26.9946
26.9946
26.9946
26.9946
26.9946
26.9946
26.9982
26.9946
26.9946
26.9941
26.9941
26.9941
26.9958
26.9958
26.9951
26.9951
26.9951
26.9948
26.9948
26.9946
26.9946
26.9946
26.9941
26.9942
26.9942
26.9942
26.9942
26.9925
26.9925
26.9925
26.9928
26.9928
26.9928
26.992
26.992
26.992
26.9925
26.9921
26.9921
26.9921
26.9913
26.9913
26.9913
26.9928
26.991
26.991
26.991
26.9908
26.9908
26.9908
26.992
26.9908
26.9908
26.9908
26.9902
26.9902
26.9902
26.9899
26.9899
26.9899
26.9921
26.9897
26.9897
26.9897
26.9895
26.9895
26.9895
26.9913
26.9888
26.9888
26.9888
26.9869
26.9869
26.9869
26.991
26.9908
26.9908
26.9902
26.9899
26.9897
26.9895
26.9888
26.9869
26.9869
26.9869
26.9869
26.9865
26.9865
26.9865
26.9869
26.9864
26.9864
26.9864
26.9861
26.9861
26.9861
26.9855
26.9855
26.9855
26.9859
26.9859
26.9859
26.9865
26.9855
26.9855
26.9855
26.9855
26.9855
26.9855
26.9842
26.9842
26.9842
26.9864
26.9825
26.9825
26.9825
26.9837
26.9837
26.9837
26.9837
26.9837
26.9837
26.9815
26.9815
26.9815
26.9861
26.9815
26.9815
26.9815
26.9815
26.9815
26.9815
26.9855
26.9859
26.9855
26.9855
26.9842
26.9825
26.9837
26.9837
26.9815
26.9815
26.9815
26.9815
26.9815
26.9815
26.9815
26.979
26.979
26.979
26.979
26.979
26.979
26.9808
26.9808
26.9808
26.979
26.9806
26.9806
26.9806
26.9804
26.9804
26.9804
26.979
26.9795
26.9795
26.9795
26.9796
26.9796
26.9796
26.9791
26.9791
26.9791
26.9808
26.9783
26.9783
26.9783
26.978
26.978
26.978
26.978
26.978
26.978
26.9806
26.9777
26.9777
26.9777
26.9777
26.9777
26.9777
26.9804
26.9781
26.9781
26.9781
26.9795
26.9796
26.9791
26.9783
26.978
26.978
26.9777
26.9777
26.9781
26.9769
26.9769
26.9769
26.9769
26.9766
26.9766
26.9766
26.9761
26.9761
26.9761
26.9761
26.9761
26.9761
26.9766
26.975
26.975
26.975
26.975
26.975
26.975
26.974
26.974
26.974
26.9733
26.9733
26.9733
26.9729
26.9731
26.9729
26.9731
26.9729
26.9731
26.9761
26.9731
26.9731
26.9731
26.9719
26.9719
26.9719
26.9718
26.9718
26.9718
26.9713
26.9713
26.9713
26.9761
26.9713
26.9713
26.9713
26.975
26.975
26.974
26.9733
26.9729
26.9731
26.9731
26.9719
26.9718
26.9713
26.9713
26.9711
26.9711
26.9711
26.9711
26.9703
26.9703
26.9703
26.9686
26.9686
26.9686
26.9676
26.9676
26.9676
26.9703
26.9683
26.9683
26.9683
26.9683
26.9683
26.9683
26.9682
26.9682
26.9682
26.9686
26.9682
26.9682
26.9682
26.968
26.968
26.968
26.9676
26.9676
26.9676
26.9676
26.9674
26.9674
26.9674
26.9669
26.9669
26.9669
26.9668
26.9668
26.9668
26.967
26.967
26.967
26.9683
26.9664
26.9664
26.9664
26.9683
26.9682
26.9682
26.968
26.9676
26.9674
26.9669
26.9668
26.967
26.9664
26.9662
26.9662
26.9662
26.9662
26.9662
26.9662
26.9662
26.9659
26.9659
26.9659
26.9653
26.9653
26.9653
26.9662
26.9648
26.9648
26.9648
26.9638
26.9638
26.9638
26.9659
26.9626
26.9626
26.9626
26.9629
26.9629
26.9629
26.9624
26.9624
26.9624
26.9653
26.9616
26.9616
26.9616
26.9622
26.9622
26.9622
26.9607
26.9607
26.9607
26.9648
26.9607
26.9607
26.9607
26.9607
26.9607
26.9607
26.9638
26.9607
26.9607
26.9607
26.9626
26.9629
26.9624
26.9616
26.9622
26.9607
26.9607
26.9607
26.9607
26.9607
26.9607
26.9607
26.9595
26.9595
26.9595
26.9607
26.9595
26.9595
26.9595
26.9588
26.9588
26.9588
26.9595
26.9572
26.9572
26.9572
26.9572
26.9572
26.9572
26.9572
26.9572
26.9572
26.9595
26.9565
26.9565
26.9565
26.9559
26.9559
26.9559
26.9555
26.9555
26.9555
26.9553
26.9553
26.9553
26.9548
26.9548
26.9548
26.9588
26.9534
26.9534
26.9534
26.9534
26.9534
26.9534
26.9527
26.9527
26.9527
26.9572
26.9572
26.9572
26.9565
26.9559
26.9555
26.9553
26.9548
26.9534
26.9534
26.9527
26.9527
26.9527
26.9527
26.9527
26.9519
26.9519
26.9519
26.9519
26.9519
26.9519
26.9519
26.9519
26.9519
26.9519
26.9506
26.9506
26.9506
26.9505
26.9505
26.9505
26.9519
26.9482
26.9482
26.9482
26.9482
26.9482
26.9482
26.948
26.948
26.948
26.9519
26.9477
26.9477
26.9477
26.9472
26.9472
26.9472
26.9506
26.9467
26.9467
26.9467
26.9467
26.9467
26.9467
26.9462
26.9462
26.9462
26.9505
26.9461
26.9461
26.9461
26.9482
26.9482
26.948
26.9477
26.9472
26.9467
26.9467
26.9462
26.9461
26.9457
26.9457
26.9457
26.9456
26.9456
26.9456
26.9457
26.9455
26.9455
26.9455
26.9446
26.9446
26.9446
26.9456
26.9446
26.9446
26.9446
26.9443
26.9443
26.9443
26.9436
26.9436
26.9436
26.9455
26.9427
26.9427
26.9427
26.9431
26.9431
26.9431
26.9446
26.9431
26.9431
26.9431
26.9426
26.9426
26.9426
26.9421
26.9421
26.9421
26.9446
26.9421
26.9421
26.9421
26.941
26.941
26.941
26.9443
26.941
26.941
26.941
26.9436
26.9427
26.9431
26.9431
26.9426
26.9421
26.9421
26.941
26.941
26.9401
26.9401
26.9401
26.94
26.94
26.94
26.9401
26.94
26.94
26.94
26.9398
26.9398
26.9398
26.94
26.94
26.9398
26.9391
26.938
26.938
26.938
26.9377
26.9391
26.938
26.938
26.938
26.9377
26.9359
26.9358
26.9348
26.9391
26.938
26.938
26.938
26.9377
26.9359
26.9358
26.9348
26.9348
26.9391
26.938
26.938
26.938
26.9377
26.9359
26.9358
26.9348
26.9359
26.9358
26.9348
26.9348
26.9343
26.9339
26.9343
26.9339
26.9348
26.9343
26.9339
26.9348
26.9343
26.9339
26.9337
26.9335
26.9331
26.9319
26.9319
26.9319
26.9321
26.9321
26.9309
26.9305
26.9303
26.9303
26.9284
26.9281
26.9282
26.9337
26.9335
26.9331
26.9319
26.9319
26.9319
26.9321
26.9321
26.9309
26.9305
26.9303
26.9337
26.9335
26.9331
26.9319
26.9319
26.9319
26.9321
26.9321
26.9309
26.9305
26.9303
26.9337
26.9303
26.9303
26.9335
26.9284
26.9284
26.9331
26.9281
26.9281
26.9319
26.9282
26.9282
26.9319
26.9319
26.9321
26.9321
26.9309
26.9305
26.9303
26.9303
26.9284
26.9281
26.9282
26.9282
26.9282
26.9282
26.9275
26.927
26.927
26.927
26.9251
26.9251
26.9245
26.9242
26.9242
26.9241
26.9242
26.9237
26.9231
26.9222
26.9275
26.927
26.927
26.927
26.9251
26.9251
26.9245
26.9242
26.9242
26.9241
26.9242
26.9275
26.927
26.927
26.927
26.9251
26.9251
26.9245
26.9242
26.9242
26.9241
26.9242
26.9282
26.9237
26.9275
26.9237
26.9231
26.927
26.9231
26.9222
26.927
26.9222
26.927
26.9251
26.9251
26.9245
26.9242
26.9242
26.9241
26.9242
26.9237
26.9231
26.9222
26.9225
26.9225
26.9225
26.9215
26.9215
26.9208
26.9206
26.9204
26.9203
26.9215
26.9215
26.9208
26.9206
26.9204
26.9203
26.9189
26.9189
26.9215
26.9215
26.9208
26.9206
26.9204
26.9203
26.9225
26.9215
26.9215
26.9208
26.9206
26.9204
26.9203
26.9189
26.9189
26.9189
26.9189
26.9177
26.9177
26.9177
26.9189
26.9189
26.9177
26.9177
26.9177
26.9174
26.9189
26.9189
26.9189
26.9189
26.9177
26.9177
26.9177
26.9189
26.9174
26.9174
26.9189
26.9189
26.9189
26.9177
26.9177
26.9177
26.9174
26.9169
26.9163
26.9148
26.9146
26.9145
26.913
26.9123
26.9118
26.9118
26.9118
26.9112
26.911
26.9097
26.9169
26.9163
26.9148
26.9146
26.9145
26.913
26.9123
26.9118
26.9118
26.9118
26.9112
26.911
26.9097
26.9086
26.9082
26.9169
26.9163
26.9148
26.9146
26.9145
26.913
26.9123
26.9118
26.9118
26.9118
26.9112
26.911
26.9097
26.9169
26.9163
26.9148
26.9146
26.9145
26.913
26.9123
26.9118
26.9118
26.9118
26.9112
26.911
26.9097
26.9086
26.9082
26.9086
26.9086
26.9082
26.9082
26.9082
26.9082
26.9082
26.9082
26.9082
26.9082
26.9082
26.9067
26.9067
26.9069
26.9072
26.9063
26.9058
26.9063
26.9055
26.9053
26.904
26.9067
26.9067
26.9069
26.9072
26.9063
26.9058
26.9063
26.9055
26.9053
26.904
26.9024
26.9024
26.9024
26.9067
26.9067
26.9069
26.9072
26.9063
26.9058
26.9063
26.9055
26.9053
26.904
26.9082
26.9024
26.9024
26.9067
26.9024
26.9024
26.9067
26.9024
26.9024
26.9069
26.9072
26.9063
26.9058
26.9063
26.9055
26.9053
26.904
26.9024
26.9024
26.9024
26.9018
26.9014
26.9012
26.9012
26.9009
26.9018
26.9014
26.9012
26.9012
26.9018
26.9014
26.9012
26.9012
26.9008
26.9008
26.9001
26.8996
26.8959
26.8958
26.8958
26.8958
26.8943
26.8953
26.9009
26.9008
26.9008
26.9001
26.8996
26.8959
26.8958
26.8958
26.9009
26.9008
26.9008
26.9001
26.8996
26.8959
26.8958
26.8958
26.9018
26.8958
26.8958
26.9014
26.8943
26.8943
26.9012
26.8953
26.8953
26.9012
26.9009
26.9008
26.9008
26.9001
26.8996
26.8959
26.8958
26.8958
26.8958
26.8943
26.8953
26.8953
26.8939
26.8939
26.8938
26.8926
26.8926
26.8926
26.8921
26.8919
26.8923
26.892
26.8909
26.8909
26.8909
26.8903
26.8953
26.8939
26.8939
26.8938
26.8926
26.8926
26.8926
26.8921
26.8919
26.8923
26.892
26.8953
26.8939
26.8939
26.8938
26.8926
26.8926
26.8926
26.8921
26.8919
26.8923
26.892
26.8953
26.8909
26.8909
26.8939
26.8909
26.8909
26.8939
26.8909
26.8909
26.8938
26.8926
26.8903
26.8903
26.8926
26.8926
26.8921
26.8919
26.8923
26.892
26.8909
26.8909
26.8909
26.8903
26.89
26.89
26.89
26.8892
26.8898
26.8892
26.8879
26.8875
26.8874
26.8872
26.8869
26.8867
26.8864
26.8851
26.8892
26.8898
26.8892
26.8879
26.8875
26.8874
26.8872
26.8869
26.8892
26.8898
26.8892
26.8879
26.8875
26.8874
26.8872
26.8869
26.8851
26.8844
26.8839
26.8867
26.8864
26.8851
26.8867
26.8864
26.8851
26.89
26.8851
26.8851
26.8844
26.8892
26.8844
26.8839
26.8898
26.8839
26.8892
26.8879
26.8875
26.8874
26.8872
26.8869
26.8867
26.8864
26.8851
26.8851
26.8844
26.8839
26.8838
26.8838
26.8826
26.8838
26.8826
26.8838
26.8826
26.8826
26.8826
26.8828
26.8828
26.8828
26.8824
26.8822
26.8812
26.8806
26.8805
26.8798
26.8792
26.8794
26.8826
26.8828
26.8828
26.8828
26.8824
26.8822
26.8812
26.8806
26.8805
26.8798
26.8792
26.8794
26.8788
26.8826
26.8828
26.8828
26.8828
26.8824
26.8822
26.8812
26.8806
26.8805
26.8798
26.8792
26.8794
26.8788
26.8826
26.8828
26.8828
26.8828
26.8824
26.8822
26.8812
26.8806
26.8805
26.8798
26.8792
26.8794
26.8788
26.8788
26.8784
26.8784
26.8784
26.8781
26.8779
26.8773
26.877
26.8766
26.8766
26.8763
26.8756
26.8756
26.8756
26.8756
26.8781
26.8779
26.8773
26.877
26.8766
26.8766
26.8763
26.8756
26.8756
26.8756
26.8756
26.8781
26.8779
26.8773
26.877
26.8766
26.8766
26.8763
26.8756
26.8756
26.8756
26.8756
26.8751
26.8741
26.8737
26.8784
26.8751
26.8751
26.8781
26.8741
26.8741
26.8779
26.8737
26.8737
26.8773
26.877
26.8766
26.8766
26.8763
26.8756
26.8756
26.8756
26.8756
26.8751
26.8741
26.8737
26.8736
26.8736
26.8736
26.8734
26.8732
26.8724
26.8719
26.8712
26.8714
26.8707
26.8734
26.8732
26.8724
26.8719
26.8712
26.8734
26.8732
26.8724
26.8719
26.8712
26.8714
26.8714
26.8707
26.8703
26.8697
26.8691
26.8671
26.8677
26.8674
26.8707
26.8707
26.8703
26.8697
26.8691
26.8707
26.8707
26.8703
26.8697
26.8691
26.8736
26.8671
26.8671
26.8734
26.8677
26.8677
26.8732
26.8674
26.8674
26.8724
26.8719
26.8712
26.8714
26.8707
26.8707
26.8703
26.8697
26.8691
26.8671
26.8677
26.8674
26.866
26.866
26.866
26.866
26.866
26.866
26.866
26.866
26.8641
26.8641
26.8641
26.8632
26.8632
26.8636
26.863
26.863
26.863
26.8631
26.8611
26.8611
26.8611
26.8641
26.8641
26.8641
26.8632
26.8632
26.8636
26.863
26.863
26.863
26.8631
26.8611
26.8611
26.8611
26.8641
26.8641
26.8641
26.8632
26.8632
26.8636
26.863
26.863
26.863
26.8631
26.8611
26.8611
26.8611
26.8641
26.8641
26.8641
26.8632
26.8632
26.8636
26.863
26.863
26.863
26.8631
26.8611
26.8611
26.8611
26.8611
26.8597
26.8584
26.8584
26.8584
26.8582
26.8577
26.8577
26.8575
26.8564
26.8544
26.8611
26.8597
26.8584
26.8584
26.8584
26.8582
26.8577
26.8577
26.8575
26.8564
26.8544
26.8539
26.8539
26.8532
26.8527
26.8611
26.8597
26.8584
26.8584
26.8584
26.8582
26.8577
26.8577
26.8575
26.8564
26.8544
26.8611
26.8539
26.8539
26.8597
26.8539
26.8539
26.8584
26.8532
26.8532
26.8584
26.8527
26.8527
26.8584
26.8582
26.8577
26.8577
26.8575
26.8564
26.8544
26.8539
26.8539
26.8532
26.8527
26.8527
26.8527
26.8527
26.8527
26.8521
26.851
26.851
26.8505
26.85
26.8497
26.8497
26.8497
26.8488
26.8487
26.8486
26.8487
26.849
26.8521
26.851
26.851
26.8505
26.85
26.8497
26.8497
26.8497
26.8488
26.8487
26.8486
26.8487
26.849
26.8483
26.8521
26.851
26.851
26.8505
26.85
26.8497
26.8497
26.8497
26.8488
26.8487
26.8486
26.8487
26.849
26.8483
26.8521
26.851
26.851
26.8505
26.85
26.8497
26.8497
26.8497
26.8488
26.8487
26.8486
26.8487
26.849
26.8483
26.8483
26.8473
26.8473
26.8473
26.8462
26.8452
26.8453
26.8453
26.845
26.8432
26.8436
26.8436
26.8435
26.8423
26.8431
26.8418
26.8418
26.8417
26.8462
26.8452
26.8453
26.8453
26.845
26.8432
26.8436
26.8436
26.8435
26.8423
26.8462
26.8452
26.8453
26.8453
26.845
26.8432
26.8436
26.8436
26.8435
26.8423
26.8473
26.8431
26.8431
26.8462
26.8418
26.8418
26.8452
26.8418
26.8418
26.8453
26.8417
26.8417
26.8453
26.845
26.8432
26.8436
26.8436
26.8435
26.8423
26.8431
26.8418
26.8418
26.8417
26.8409
26.8409
26.8409
26.8409
26.8397
26.8391
26.8387
26.8381
26.8374
26.8374
26.8369
26.837
26.8373
26.8363
26.835
26.835
26.8346
26.8409
26.8397
26.8391
26.8387
26.8381
26.8374
26.8374
26.8369
26.837
26.8373
26.8363
26.8409
26.8397
26.8391
26.8387
26.8381
26.8374
26.8374
26.8369
26.837
26.8373
26.8409
26.8363
26.835
26.8409
26.835
26.835
26.8397
26.835
26.8346
26.8391
26.8346
26.8387
26.8381
26.8374
26.8374
26.8369
26.837
26.8373
26.8363
26.835
26.835
26.8346
26.8339
26.8339
26.8339
26.8339
26.8338
26.8334
26.8334
26.8322
26.8326
26.8323
26.8305
26.83
26.829
26.8287
26.829
26.8288
26.8282
26.8338
26.8334
26.8334
26.8322
26.8326
26.8323
26.8305
26.83
26.829
26.8287
26.829
26.8288
26.8282
26.8279
26.8338
26.8334
26.8334
26.8322
26.8326
26.8323
26.8305
26.83
26.829
26.8287
26.829
26.8288
26.8282
26.8279
26.8338
26.8334
26.8334
26.8322
26.8326
26.8323
26.8305
26.83
26.829
26.8287
26.829
26.8288
26.8282
26.8279
26.8279
26.8279
26.8279
26.8279
26.8279
26.8279
26.8273
26.827
26.8261
26.8255
26.8252
26.8246
26.8241
26.8241
26.823
26.8229
26.8229
26.8229
26.8228
26.8279
26.8273
26.827
26.8261
26.8255
26.8252
26.8246
26.8241
26.8241
26.823
26.8229
26.8229
26.8229
26.8228
26.8279
26.8273
26.827
26.8261
26.8255
26.8252
26.8246
26.8241
26.8241
26.823
26.8229
26.8229
26.8229
26.8228
26.8279
26.8273
26.827
26.8261
26.8255
26.8252
26.8246
26.8241
26.8241
26.823
26.8229
26.8229
26.8229
26.8228
26.8211
26.8214
26.822
26.8212
26.821
26.8208
26.8211
26.8214
26.822
26.8212
26.821
26.8208
26.8211
26.8214
26.822
26.8212
26.821
26.8208
26.8197
26.8197
26.8197
26.8195
26.8188
26.819
26.8188
26.8176
26.8173
26.8195
26.8188
26.819
26.8188
26.8176
26.8173
26.8173
26.8169
26.8195
26.8188
26.819
26.8188
26.8176
26.8173
26.8211
26.8173
26.8173
26.8169
26.8214
26.8169
26.822
26.8212
26.821
26.8208
26.8197
26.8195
26.8188
26.819
26.8188
26.8176
26.8173
26.8173
26.8169
26.8153
26.8153
26.8153
26.8153
26.8153
26.8139
26.8142
26.8136
26.8124
26.8124
26.8116
26.8153
26.8139
26.8142
26.8136
26.8124
26.8124
26.8116
26.8116
26.8111
26.8153
26.8139
26.8142
26.8136
26.8124
26.8124
26.8116
26.8116
26.8153
26.8139
26.8142
26.8136
26.8124
26.8124
26.8116
26.8116
26.8111
26.8111
26.8116
26.8111
26.8111
26.8109
26.81
26.8111
26.8109
26.81
26.8095
26.8095
26.8111
26.8109
26.81
26.8095
26.8095
26.8111
26.8109
26.81
26.8095
26.8095
26.8095
26.8095
26.81
26.81
26.809
26.8087
26.8082
26.8079
26.8081
26.8081
26.81
26.81
26.809
26.8087
26.8082
26.8079
26.8081
26.8081
26.8082
26.8071
26.8068
26.81
26.81
26.809
26.8087
26.8082
26.8079
26.8081
26.8081
26.8082
26.8071
26.8068
26.81
26.81
26.809
26.8087
26.8082
26.8079
26.8081
26.8081
26.8082
26.8071
26.8068
26.8068
26.8068
26.8068
26.8082
26.8071
26.8068
26.8059
26.8062
26.8052
26.8059
26.8062
26.8052
26.8059
26.8062
26.8052
26.8068
26.8059
26.8062
26.8052
26.8052
26.8052
26.8046
26.8047
26.8041
26.8046
26.8047
26.803
26.8041
26.8023
26.8052
26.8052
26.8046
26.8047
26.8041
26.803
26.8023
26.8027
26.8027
26.803
26.8012
26.8027
26.8027
26.803
26.8012
26.8012
26.8012
26.8012
26.8004
26.8
26.803
26.8023
26.8027
26.8027
26.803
26.8012
26.8012
26.8012
26.8012
26.8004
26.8046
26.8047
26.8041
26.803
26.8023
26.8027
26.8027
26.803
26.8012
26.8012
26.8
26.8012
26.8012
26.8012
26.8012
26.8012
26.8004
26.8004
26.8
26.8
26.7995
26.799
26.7992
26.7993
26.7991
26.7988
26.7995
26.799
26.7992
26.7993
26.7991
26.7988
26.7995
26.799
26.7992
26.7993
26.7991
26.7988
26.7995
26.799
26.7992
26.7993
26.7991
26.7988
26.7969
26.7968
26.7958
26.7969
26.7968
26.7958
26.7961
26.7961
26.7943
26.7949
26.7949
26.7949
26.7969
26.7968
26.7958
26.7961
26.7961
26.7943
26.7949
26.7949
26.7949
26.7969
26.7968
26.7958
26.7961
26.7961
26.7943
26.7949
26.7949
26.7949
26.7961
26.7961
26.7943
26.7949
26.7949
26.7949
26.7947
26.7947
26.7947
26.7943
26.7927
26.7924
26.7908
26.7886
26.7886
26.7885
26.7879
26.7881
26.7881
26.788
26.7943
26.7927
26.7924
26.7908
26.7886
26.7886
26.7885
26.7879
26.7881
26.7881
26.788
26.7877
26.7869
26.7858
26.7943
26.7927
26.7924
26.7908
26.7886
26.7886
26.7885
26.7879
26.7881
26.7881
26.788
26.7947
26.7877
26.7877
26.7943
26.7869
26.7869
26.7927
26.7858
26.7858
26.7924
26.7908
26.7886
26.7886
26.7885
26.7879
26.7881
26.7881
26.788
26.7877
26.7869
26.7858
26.7859
26.7859
26.7859
26.7859
26.7857
26.7857
26.7849
26.7826
26.7826
26.7826
26.7826
26.7819
26.7819
26.7819
26.7819
26.7813
26.7807
26.7857
26.7857
26.7849
26.7826
26.7826
26.7826
26.7826
26.7819
26.7819
26.7819
26.7819
26.7813
26.7807
26.7807
26.7857
26.7857
26.7849
26.7826
26.7826
26.7826
26.7826
26.7819
26.7819
26.7819
26.7819
26.7813
26.7807
26.7807
26.7857
26.7857
26.7849
26.7826
26.7826
26.7826
26.7826
26.7819
26.7819
26.7819
26.7819
26.7813
26.7807
26.7807
26.7807
26.7794
26.7794
26.7794
26.7794
26.7794
26.7789
26.7781
26.7779
26.7779
26.7769
26.7758
26.7755
26.7744
26.7745
26.7758
26.7751
26.775
26.7794
26.7794
26.7789
26.7781
26.7779
26.7779
26.7769
26.7758
26.7755
26.7744
26.7745
26.7794
26.7794
26.7789
26.7781
26.7779
26.7779
26.7769
26.7758
26.7755
26.7744
26.7794
26.7745
26.7758
26.7794
26.7758
26.7751
26.7794
26.7751
26.775
26.7789
26.775
26.7781
26.7779
26.7779
26.7769
26.7758
26.7755
26.7744
26.7745
26.7758
26.7751
26.775
26.7747
26.7747
26.7747
26.7747
26.7747
26.7738
26.7731
26.7731
26.7731
26.7722
26.7719
26.7717
26.7715
26.7712
26.7713
26.7704
26.7691
26.769
26.7747
26.7738
26.7731
26.7731
26.7731
26.7722
26.7719
26.7717
26.7715
26.7712
26.7713
26.7704
26.7691
26.769
26.7747
26.7738
26.7731
26.7731
26.7731
26.7722
26.7719
26.7717
26.7715
26.7712
26.7713
26.7704
26.7691
26.769
26.7747
26.7738
26.7731
26.7731
26.7731
26.7722
26.7719
26.7717
26.7715
26.7712
26.7713
26.7704
26.7691
26.769
26.7691
26.7691
26.7691
26.7693
26.7681
26.7673
26.7673
26.7672
26.7672
26.7672
26.7676
26.7667
26.7662
26.7656
26.7655
26.7648
26.764
26.7693
26.7681
26.7673
26.7673
26.7672
26.7672
26.7672
26.7676
26.7667
26.7662
26.7693
26.7681
26.7673
26.7673
26.7672
26.7672
26.7672
26.7676
26.7667
26.7662
26.7691
26.7656
26.7656
26.7693
26.7655
26.7655
26.7681
26.7648
26.7648
26.7673
26.764
26.764
26.7673
26.7672
26.7672
26.7672
26.7676
26.7667
26.7662
26.7656
26.7655
26.7648
26.764
26.763
26.763
26.763
26.763
26.7625
26.7619
26.7619
26.7616
26.761
26.7613
26.7603
26.7603
26.7597
26.7599
26.763
26.7625
26.7619
26.7619
26.7616
26.761
26.7613
26.7603
26.7603
26.7597
26.7599
26.7589
26.7589
26.7583
26.763
26.7625
26.7619
26.7619
26.7616
26.761
26.7613
26.7603
26.7603
26.7597
26.7599
26.763
26.763
26.7625
26.7619
26.7589
26.7589
26.7583
26.7589
26.7589
26.7583
26.7619
26.7616
26.761
26.7613
26.7603
26.7603
26.7597
26.7599
26.7589
26.7589
26.7583
26.7567
26.7567
26.7567
26.7567
26.7577
26.7579
26.7572
26.7568
26.7561
26.7556
26.7554
26.7577
26.7579
26.7572
26.7568
26.7561
26.7556
26.7554
26.7536
26.7577
26.7579
26.7572
26.7568
26.7561
26.7556
26.7554
26.7577
26.7579
26.7572
26.7568
26.7561
26.7556
26.7554
26.7536
26.7536
26.7536
26.7536
26.752
26.7516
26.751
26.7536
26.7536
26.7536
26.7536
26.752
26.7516
26.751
26.7536
26.7536
26.7536
26.752
26.7516
26.751
26.7536
26.7536
26.7536
26.7536
26.752
26.7516
26.751
26.751
26.7503
26.7501
26.751
26.7503
26.751
26.7503
26.7501
26.7501
26.7496
26.7491
26.7487
26.7487
26.749
26.749
26.7483
26.7479
26.7479
26.7465
26.7465
26.7465
26.7496
26.7491
26.7487
26.7487
26.749
26.749
26.7483
26.7479
26.7479
26.7496
26.7491
26.7487
26.7487
26.749
26.749
26.7483
26.7479
26.7479
26.751
26.7465
26.7465
26.7503
26.7465
26.7465
26.7501
26.7465
26.7465
26.7496
26.7491
26.7487
26.7487
26.749
26.749
26.7483
26.7479
26.7479
26.7465
26.7465
26.7465
26.745
26.745
26.745
26.7446
26.7446
26.7446
26.7437
26.7437
26.7437
26.7419
26.7419
26.7419
26.7419
26.7419
26.7419
26.7419
26.7419
26.7419
26.7424
26.7406
26.7406
26.7406
26.7406
26.7397
26.7424
26.7406
26.7406
26.7406
26.7406
26.7424
26.7406
26.7406
26.7406
26.7406
26.7397
26.7397
26.7397
26.7384
26.7397
26.7384
26.7384
26.745
26.7384
26.7397
26.7446
26.7384
26.7437
26.7384
26.7419
26.7419
26.7419
26.7424
26.7406
26.7406
26.7406
26.7406
26.7397
26.7397
26.7384
26.7384
26.739
26.739
26.739
26.7391
26.7398
26.7384
26.7383
26.7383
26.7368
26.7362
26.736
26.736
26.7357
26.7343
26.7391
26.7398
26.7384
26.7383
26.7383
26.7368
26.7362
26.736
26.736
26.7357
26.7343
26.7391
26.7398
26.7384
26.7383
26.7383
26.7368
26.7362
26.736
26.736
26.7357
26.7343
26.7343
26.734
26.7338
26.739
26.7343
26.7343
26.7391
26.734
26.734
26.7398
26.7338
26.7338
26.7384
26.7383
26.7383
26.7368
26.7362
26.736
26.736
26.7357
26.7343
26.7343
26.734
26.7338
26.7337
26.7319
26.7325
26.7315
26.7306
26.7306
26.7337
26.7319
26.7325
26.7315
26.7306
26.7306
26.7337
26.7319
26.7325
26.7315
26.7306
26.7306
26.7305
26.7304
26.7305
26.7337
26.7319
26.7304
26.7297
26.7305
26.7304
26.7297
26.7294
26.7294
26.7286
26.7286
26.7325
26.7286
26.7286
26.7315
26.7306
26.7286
26.7291
26.7297
26.7294
26.7286
26.7306
26.7287
26.7305
26.7291
26.7304
26.7287
26.7297
26.7286
26.7294
26.7286
26.7286
26.7286
26.7291
26.7286
26.7287
26.7286
26.7291
26.7287
26.7265
26.7265
26.7258
26.7265
26.7258
26.7258
26.7255
26.7258
26.7258
26.7247
26.7246
26.7255
26.7258
26.7239
26.7247
26.7255
26.7239
26.7221
26.7221
26.722
26.722
26.7246
26.7239
26.7239
26.7247
26.7246
26.7239
26.7221
26.7215
26.7213
26.7221
26.7239
26.7221
26.7213
26.7221
26.7265
26.7258
26.722
26.722
26.722
26.722
26.7215
26.7215
26.7213
26.7213
26.7258
26.7255
26.7247
26.7213
26.7246
26.7239
26.7213
26.7239
26.7221
26.7221
26.722
26.722
26.7215
26.7213
26.7213
26.7205
26.7205
26.7209
26.7209
26.7205
26.7207
26.7193
26.719
26.7187
26.7207
26.7193
26.719
26.7209
26.7207
26.7193
26.7179
26.7179
26.7178
26.7187
26.719
26.7187
26.7176
26.7175
26.7179
26.7179
26.7178
26.7172
26.7172
26.7172
26.7176
26.7162
26.7179
26.7179
26.7175
26.7205
26.7178
26.7172
26.7209
26.7172
26.7207
26.7193
26.7172
26.7162
26.719
26.7187
26.7176
26.7179
26.7175
26.7179
26.7172
26.7178
26.7172
26.7176
26.7172
26.7175
26.7162
26.7172
26.7172
26.7172
26.7162
26.7139
26.7139
26.7131
26.7131
26.7131
26.7131
26.7139
26.7131
26.7131
26.7131
26.7122
26.7123
26.7117
26.7114
26.7109
26.7109
26.7104
26.7131
26.7122
26.7123
26.7117
26.7114
26.7109
26.7109
26.7131
26.7122
26.7123
26.7117
26.7114
26.7109
26.7109
26.7104
26.7096
26.7104
26.7096
26.7091
26.7083
26.7096
26.7096
26.7096
26.7096
26.7091
26.7083
26.7139
26.7091
26.7083
26.7131
26.7131
26.7131
26.7122
26.7123
26.7117
26.7114
26.7109
26.7109
26.7104
26.7096
26.7096
26.7091
26.7083
26.7061
26.7061
26.7061
26.7082
26.7073
26.707
26.7065
26.7063
26.7061
26.7082
26.7073
26.707
26.7065
26.7063
26.7061
26.7061
26.7082
26.7073
26.707
26.7065
26.7063
26.7061
26.7061
26.7082
26.7073
26.707
26.7065
26.7063
26.7057
26.7057
26.7052
26.7052
26.7048
26.7035
26.7023
26.7023
26.7018
26.7057
26.7052
26.7052
26.7048
26.7035
26.7023
26.7023
26.7018
26.7057
26.7052
26.7052
26.7048
26.7035
26.7023
26.7023
26.7018
26.7052
26.7052
26.7048
26.7035
26.7023
26.7023
26.7018
26.7018
26.7018
26.7018
26.7018
26.7018
26.7018
26.7012
26.7012
26.7001
26.7002
26.6994
26.6995
26.6986
26.6972
26.6972
26.6969
26.6964
26.6964
26.6958
26.7012
26.7012
26.7001
26.7002
26.6994
26.6995
26.6986
26.6972
26.6972
26.6969
26.6964
26.7012
26.7012
26.7001
26.7002
26.6994
26.6995
26.6986
26.6972
26.6972
26.6969
26.6964
26.7018
26.6964
26.6964
26.7018
26.6958
26.6958
26.7012
26.7012
26.7001
26.7002
26.6994
26.6995
26.6986
26.6972
26.6972
26.6969
26.6964
26.6964
26.6958
26.6958
26.6958
26.6958
26.6958
26.6944
26.6944
26.6944
26.6943
26.6944
26.6944
26.6944
26.6943
26.694
26.694
26.6934
26.693
26.6926
26.6916
26.6918
26.6911
26.6944
26.6944
26.6944
26.6943
26.694
26.694
26.6934
26.693
26.6926
26.6916
26.6918
26.6911
26.6944
26.6944
26.6944
26.6943
26.694
26.694
26.6934
26.693
26.6926
26.6916
26.6918
26.6911
26.694
26.694
26.6913
26.6907
26.6913
26.6907
26.6913
26.6907
26.6934
26.693
26.6926
26.6916
26.6918
26.6911
26.6913
26.6907
26.69
26.69
26.6901
26.6901
26.6885
26.6879
26.6879
26.6879
26.6852
26.6848
26.6844
26.69
26.69
26.6901
26.6901
26.6885
26.6879
26.6879
26.6879
26.6852
26.6848
26.6844
26.6844
26.6845
26.6843
26.6842
26.69
26.69
26.6901
26.6901
26.6885
26.6879
26.6879
26.6879
26.6852
26.6848
26.6844
26.69
26.6844
26.6844
26.6845
26.69
26.6845
26.6901
26.6843
26.6843
26.6901
26.6842
26.6842
26.6885
26.6879
26.6879
26.6879
26.6852
26.6848
26.6844
26.6844
26.6845
26.6843
26.6842
26.6842
26.6833
26.6823
26.6842
26.6833
26.6823
26.6819
26.6842
26.6833
26.6823
26.6819
26.6842
26.6833
26.6823
26.6819
26.6806
26.6806
26.6806
26.6808
26.6794
26.6794
26.6794
26.678
26.6765
26.6806
26.6806
26.6806
26.6808
26.6794
26.6794
26.6794
26.678
26.6765
26.6765
26.6765
26.6806
26.6806
26.6806
26.6808
26.6794
26.6794
26.6794
26.678
26.6819
26.6765
26.6765
26.6806
26.6765
26.6765
26.6806
26.6765
26.6806
26.6808
26.6794
26.6794
26.6794
26.678
26.6765
26.6765
26.6765
26.676
26.676
26.676
26.674
26.674
26.674
26.6734
26.6731
26.6731
26.6731
26.6731
26.6715
26.676
26.674
26.674
26.674
26.6734
26.6731
26.6731
26.6731
26.6731
26.6715
26.6715
26.6709
26.6704
26.6704
26.676
26.676
26.674
26.674
26.674
26.6734
26.6731
26.6731
26.6731
26.6731
26.6715
26.6715
26.676
26.6715
26.6709
26.676
26.6709
26.6704
26.674
26.6704
26.6704
26.674
26.6704
26.674
26.6734
26.6731
26.6731
26.6731
26.6731
26.6715
26.6715
26.6709
26.6704
26.6704
26.6704
26.6704
26.6704
26.6702
26.6695
26.6682
26.6683
26.6679
26.6675
26.6662
26.6674
26.6674
26.6668
26.6668
26.666
26.666
26.6643
26.6702
26.6695
26.6682
26.6683
26.6679
26.6675
26.6662
26.6674
26.6674
26.6668
26.6668
26.6702
26.6695
26.6682
26.6683
26.6679
26.6675
26.6662
26.6674
26.6674
26.6668
26.6704
26.6668
26.666
26.6702
26.666
26.666
26.6695
26.666
26.6643
26.6682
26.6643
26.6683
26.6679
26.6675
26.6662
26.6674
26.6674
26.6668
26.6668
26.666
26.666
26.6643
26.6643
26.6643
26.6643
26.6639
26.664
26.664
26.6623
26.6625
26.6625
26.6615
26.6607
26.6607
26.6607
26.6607
26.6639
26.664
26.664
26.6623
26.6625
26.6625
26.6615
26.6607
26.6607
26.6607
26.6607
26.6605
26.6594
26.6594
26.6639
26.664
26.664
26.6623
26.6625
26.6625
26.6615
26.6607
26.6607
26.6607
26.6643
26.6607
26.6605
26.6639
26.6605
26.6594
26.664
26.6594
26.6594
26.664
26.6594
26.6623
26.6625
26.6625
26.6615
26.6607
26.6607
26.6607
26.6607
26.6605
26.6594
26.6594
26.6594
26.6594
26.6594
26.6594
26.658
26.6577
26.6564
26.6551
26.6551
26.6551
26.6551
26.6551
26.6546
26.6538
26.6538
26.6537
26.6537
26.6524
26.658
26.6577
26.6564
26.6551
26.6551
26.6551
26.6551
26.6551
26.6546
26.6538
26.6538
26.6537
26.6537
26.6524
26.658
26.6577
26.6564
26.6551
26.6551
26.6551
26.6551
26.6551
26.6546
26.6538
26.6538
26.6537
26.6537
26.6524
26.658
26.6577
26.6564
26.6551
26.6551
26.6551
26.6551
26.6551
26.6546
26.6538
26.6538
26.6537
26.6537
26.6524
26.6522
26.6522
26.6522
26.6506
26.6506
26.6499
26.6495
26.6495
26.6492
26.6489
26.6469
26.6469
26.6469
26.6469
26.6469
26.6462
26.6456
26.6506
26.6506
26.6499
26.6495
26.6495
26.6492
26.6489
26.6469
26.6469
26.6469
26.6506
26.6506
26.6499
26.6495
26.6495
26.6492
26.6489
26.6469
26.6469
26.6469
26.6522
26.6469
26.6469
26.6506
26.6469
26.6469
26.6506
26.6462
26.6462
26.6499
26.6456
26.6456
26.6495
26.6495
26.6492
26.6489
26.6469
26.6469
26.6469
26.6469
26.6469
26.6462
26.6456
26.6457
26.6456
26.6449
26.6442
26.6442
26.6445
26.6442
26.6436
26.642
26.6419
26.6416
26.6457
26.6456
26.6449
26.6442
26.6442
26.6445
26.6442
26.6436
26.642
26.6419
26.6416
26.6457
26.6456
26.6449
26.6442
26.6442
26.6445
26.6442
26.6436
26.642
26.6419
26.6416
26.6413
26.6405
26.6396
26.6396
26.6413
26.6413
26.6457
26.6405
26.6405
26.6456
26.6396
26.6396
26.6449
26.6396
26.6396
26.6442
26.6442
26.6445
26.6442
26.6436
26.642
26.6419
26.6416
26.6413
26.6405
26.6396
26.6396
26.6392
26.6392
26.6392
26.639
26.6388
26.6372
26.6369
26.6369
26.6363
26.6354
26.6344
26.6349
26.6346
26.639
26.6388
26.6372
26.6369
26.6369
26.6363
26.6354
26.6344
26.6349
26.6346
26.6331
26.6347
26.6337
26.6315
26.639
26.6388
26.6372
26.6369
26.6369
26.6363
26.6354
26.6344
26.6349
26.6346
26.6392
26.6331
26.6331
26.639
26.6347
26.6347
26.6388
26.6337
26.6337
26.6372
26.6315
26.6315
26.6369
26.6369
26.6363
26.6354
26.6344
26.6349
26.6346
26.6331
26.6347
26.6337
26.6315
26.6315
26.6313
26.6317
26.631
26.631
26.631
26.6306
26.6305
26.6292
26.6284
26.6292
26.6272
26.6315
26.6313
26.6317
26.631
26.631
26.631
26.6306
26.6305
26.6292
26.6284
26.6292
26.6272
26.6287
26.6276
26.6276
26.6315
26.6313
26.6317
26.631
26.631
26.631
26.6306
26.6305
26.6292
26.6284
26.6292
26.6315
26.6272
26.6287
26.6313
26.6287
26.6276
26.6317
26.6276
26.6276
26.631
26.6276
26.631
26.631
26.6306
26.6305
26.6292
26.6284
26.6292
26.6272
26.6287
26.6276
26.6276
26.6274
26.6274
26.6274
26.6264
26.6264
26.626
26.6254
26.6239
26.6235
26.6231
26.6222
26.6215
26.6215
26.621
26.6206
26.6191
26.6187
26.6264
26.6264
26.626
26.6254
26.6239
26.6235
26.6231
26.6222
26.6215
26.6215
26.621
26.6264
26.6264
26.626
26.6254
26.6239
26.6235
26.6231
26.6222
26.6215
26.6215
26.6274
26.621
26.6206
26.6264
26.6206
26.6191
26.6264
26.6191
26.6187
26.626
26.6187
26.6254
26.6239
26.6235
26.6231
26.6222
26.6215
26.6215
26.621
26.6206
26.6191
26.6187
26.6166
26.6166
26.6178
26.6178
26.618
26.6175
26.6177
26.617
26.6158
26.6158
26.6149
26.6129
26.6128
26.6113
26.6109
26.6166
26.6166
26.6178
26.6178
26.618
26.6175
26.6177
26.617
26.6158
26.6158
26.6149
26.6129
26.6128
26.6113
26.6109
26.6166
26.6166
26.6178
26.6178
26.618
26.6175
26.6177
26.617
26.6158
26.6158
26.6149
26.6129
26.6128
26.6113
26.6109
26.6166
26.6166
26.6178
26.6178
26.618
26.6175
26.6177
26.617
26.6158
26.6158
26.6149
26.6129
26.6128
26.6113
26.6109
26.6109
26.6103
26.6091
26.6091
26.6091
26.6091
26.6109
26.6103
26.6091
26.6091
26.6109
26.6103
26.6091
26.6091
26.6109
26.6103
26.6091
26.6091
26.6091
26.6091
26.6091
26.6082
26.6082
26.6084
26.6091
26.6082
26.6082
26.6084
26.6078
26.6073
26.6073
26.6055
26.6044
26.6091
26.6091
26.6091
26.6082
26.6082
26.6084
26.6078
26.6073
26.6073
26.6055
26.6091
26.6091
26.6091
26.6082
26.6082
26.6084
26.6078
26.6073
26.6073
26.6055
26.6044
26.6078
26.6044
26.6073
26.6073
26.6055
26.6044
26.6044
26.6044
26.6044
26.6035
26.6035
26.6035
26.6035
26.603
26.603
26.6024
26.6019
26.6014
26.6015
26.6014
26.6011
26.6011
26.6008
26.6035
26.6035
26.6035
26.6035
26.603
26.603
26.6024
26.6019
26.6014
26.6015
26.6014
26.6035
26.6035
26.6035
26.6035
26.603
26.603
26.6024
26.6019
26.6014
26.6015
26.6014
26.6044
26.6011
26.6035
26.6011
26.6011
26.6035
26.6011
26.6008
26.6035
26.6008
26.6035
26.603
26.603
26.6024
26.6019
26.6014
26.6015
26.6014
26.6011
26.6011
26.6008
26.6003
26.6003
26.6003
26.599
26.599
26.599
26.5986
26.5986
26.5982
26.5976
26.5967
26.5967
26.5967
26.5961
26.5961
26.5954
26.5954
26.599
26.599
26.599
26.5986
26.5986
26.5982
26.5976
26.5967
26.5967
26.5967
26.5961
26.599
26.599
26.599
26.5986
26.5986
26.5982
26.5976
26.5967
26.5967
26.5967
26.5961
26.6003
26.5961
26.5961
26.599
26.5954
26.5954
26.599
26.5954
26.5954
26.599
26.5986
26.5986
26.5982
26.5976
26.5967
26.5967
26.5967
26.5961
26.5961
26.5954
26.5954
26.5949
26.5949
26.5949
26.594
26.5937
26.593
26.593
26.593
26.5923
26.5913
26.5906
26.5906
26.5906
26.59
26.594
26.5937
26.593
26.593
26.593
26.5923
26.5913
26.5906
26.5906
26.5906
26.59
26.5887
26.5886
26.588
26.594
26.5937
26.593
26.593
26.593
26.5923
26.5913
26.5906
26.5906
26.5906
26.5949
26.59
26.5887
26.594
26.5887
26.5886
26.5937
26.5886
26.588
26.593
26.588
26.593
26.593
26.5923
26.5913
26.5906
26.5906
26.5906
26.59
26.5887
26.5886
26.588
26.5877
26.5877
26.5877
26.587
26.5876
26.5847
26.5847
26.5847
26.587
26.5876
26.5847
26.5847
26.5847
26.5852
26.587
26.5876
26.5847
26.5847
26.5847
26.5852
26.5852
26.5852
26.5841
26.5841
26.5852
26.5852
26.5841
26.5841
26.5841
26.5852
26.5852
26.5852
26.5841
26.5841
26.5877
26.587
26.5876
26.5847
26.5841
26.5833
26.5831
26.5824
26.5833
26.5831
26.5824
26.5841
26.5833
26.5831
26.5824
26.5847
26.5847
26.5852
26.5852
26.5852
26.5841
26.5841
26.5841
26.5833
26.5831
26.5824
26.5813
26.5813
26.5813
26.5813
26.5812
26.5809
26.5809
26.5806
26.5798
26.5797
26.5774
26.5774
26.5769
26.5769
26.5764
26.5764
26.5757
26.5813
26.5812
26.5809
26.5809
26.5806
26.5798
26.5797
26.5774
26.5774
26.5769
26.5769
26.5813
26.5812
26.5809
26.5809
26.5806
26.5798
26.5797
26.5774
26.5774
26.5769
26.5769
26.5813
26.5764
26.5764
26.5813
26.5764
26.5764
26.5812
26.5757
26.5757
26.5809
26.5809
26.5806
26.5798
26.5797
26.5774
26.5774
26.5769
26.5769
26.5764
26.5764
26.5757
26.5758
26.5758
26.5758
26.5745
26.574
26.574
26.5736
26.5729
26.5745
26.574
26.574
26.5736
26.5729
26.5729
26.5745
26.574
26.574
26.5736
26.5729
26.5758
26.5745
26.574
26.574
26.5736
26.5729
26.5729
26.5729
26.5729
26.5729
26.5729
26.5729
26.5724
26.5718
26.5718
26.5713
26.5712
26.5729
26.5729
26.5729
26.5724
26.5718
26.5718
26.5713
26.5712
26.5729
26.5729
26.5729
26.5729
26.5724
26.5718
26.5718
26.5713
26.5729
26.5712
26.5729
26.5724
26.5718
26.5718
26.5713
26.5712
26.571
26.5703
26.5702
26.5681
26.571
26.5703
26.5702
26.5681
26.571
26.5703
26.5702
26.5681
26.5678
26.5678
26.5678
26.571
26.5703
26.5702
26.5681
26.5678
26.5674
26.567
26.5665
26.5664
26.566
26.566
26.5674
26.567
26.5665
26.5664
26.566
26.566
26.565
26.565
26.5645
26.5642
26.5674
26.567
26.5665
26.5664
26.566
26.566
26.565
26.565
26.5645
26.5642
26.5674
26.567
26.5665
26.5664
26.566
26.566
26.565
26.565
26.5645
26.5642
26.565
26.565
26.5645
26.5642
26.5637
26.5637
26.5637
26.5633
26.5631
26.5627
26.562
26.5618
26.5618
26.5609
26.5586
26.5583
26.5576
26.5576
26.5633
26.5631
26.5627
26.562
26.5618
26.5618
26.5609
26.5586
26.5583
26.5576
26.5576
26.5576
26.5571
26.5577
26.5633
26.5631
26.5627
26.562
26.5618
26.5618
26.5609
26.5586
26.5583
26.5576
26.5576
26.5637
26.5576
26.5576
26.5633
26.5571
26.5631
26.5571
26.5577
26.5627
26.5577
26.562
26.5618
26.5618
26.5609
26.5586
26.5583
26.5576
26.5576
26.5576
26.5571
26.5577
26.5574
26.5568
26.5566
26.5566
26.5558
26.5558
26.5551
26.5547
26.5542
26.554
26.5535
26.5534
26.5532
26.5526
26.5524
26.5574
26.5568
26.5566
26.5566
26.5558
26.5558
26.5551
26.5547
26.5542
26.554
26.5535
26.5574
26.5568
26.5566
26.5566
26.5558
26.5558
26.5551
26.5547
26.5542
26.554
26.5535
26.5574
26.5534
26.5534
26.5568
26.5532
26.5532
26.5566
26.5526
26.5526
26.5566
26.5524
26.5524
26.5558
26.5558
26.5551
26.5547
26.5542
26.554
26.5535
26.5534
26.5532
26.5526
26.5524
26.5519
26.5519
26.5519
26.5519
26.5517
26.5508
26.5505
26.5486
26.5486
26.5478
26.5478
26.5478
26.5476
26.5474
26.5471
26.5465
26.5464
26.5517
26.5508
26.5505
26.5486
26.5486
26.5478
26.5478
26.5478
26.5476
26.5474
26.5471
26.5465
26.5464
26.5464
26.5517
26.5508
26.5505
26.5486
26.5486
26.5478
26.5478
26.5478
26.5476
26.5474
26.5471
26.5465
26.5464
26.5464
26.5517
26.5508
26.5505
26.5486
26.5486
26.5478
26.5478
26.5478
26.5476
26.5474
26.5471
26.5465
26.5464
26.5464
26.5464
26.5465
26.5465
26.5465
26.5457
26.5441
26.544
26.5431
26.5428
26.5428
26.5426
26.542
26.5414
26.5416
26.54
26.5457
26.5441
26.544
26.5431
26.5428
26.5428
26.5426
26.542
26.5414
26.5416
26.54
26.54
26.5397
26.5397
26.5457
26.5441
26.544
26.5431
26.5428
26.5428
26.5426
26.542
26.5414
26.5416
26.5465
26.54
26.54
26.5457
26.54
26.5397
26.5441
26.5397
26.5397
26.544
26.5397
26.5431
26.5428
26.5428
26.5426
26.542
26.5414
26.5416
26.54
26.54
26.5397
26.5397
26.539
26.539
26.539
26.5384
26.5381
26.5382
26.5379
26.5355
26.5353
26.5353
26.5353
26.535
26.5349
26.5349
26.5384
26.5381
26.5382
26.5379
26.5355
26.5353
26.5353
26.5353
26.535
26.5349
26.5349
26.5348
26.5343
26.5343
26.5384
26.5381
26.5382
26.5379
26.5355
26.5353
26.5353
26.5353
26.535
26.5349
26.539
26.5349
26.5348
26.5384
26.5348
26.5343
26.5381
26.5343
26.5343
26.5382
26.5343
26.5379
26.5355
26.5353
26.5353
26.5353
26.535
26.5349
26.5349
26.5348
26.5343
26.5343
26.5335
26.5335
26.5327
26.5326
26.5321
26.5317
26.5317
26.5335
26.5335
26.5327
26.5326
26.5321
26.5317
26.5335
26.5335
26.5327
26.5326
26.5321
26.5317
26.5317
26.5317
26.5317
26.5317
26.5335
26.5335
26.5327
26.5326
26.5321
26.5317
26.5317
26.5317
26.5313
26.5315
26.5297
26.5297
26.5294
26.5294
26.5292
26.5317
26.5313
26.5315
26.5297
26.5297
26.5294
26.5294
26.5313
26.5315
26.5297
26.5297
26.5294
26.5294
26.5292
26.5292
26.5313
26.5315
26.5297
26.5297
26.5294
26.5294
26.5292
26.5278
26.5278
26.5278
26.5278
26.5269
26.5259
26.5256
26.5254
26.5254
26.5255
26.5245
26.5232
26.523
26.5221
26.5216
26.5221
26.5221
26.5221
26.5269
26.5259
26.5256
26.5254
26.5254
26.5255
26.5245
26.5232
26.523
26.5221
26.5216
26.5221
26.5221
26.5221
26.5269
26.5259
26.5256
26.5254
26.5254
26.5255
26.5245
26.5232
26.523
26.5221
26.5216
26.5221
26.5221
26.5221
26.5269
26.5259
26.5256
26.5254
26.5254
26.5255
26.5245
26.5232
26.523
26.5221
26.5216
26.5221
26.5221
26.5221
26.5218
26.5218
26.5204
26.5202
26.5202
26.5196
26.5204
26.5202
26.5202
26.5196
26.5218
26.5204
26.5202
26.5202
26.5196
26.52
26.52
26.5195
26.5181
26.5181
26.5181
26.5178
26.5177
26.5155
26.5195
26.5181
26.5181
26.5181
26.5178
26.5177
26.5155
26.5155
26.5155
26.52
26.5195
26.5181
26.5181
26.5181
26.5178
26.5177
26.5155
26.5218
26.5155
26.5155
26.5204
26.5155
26.5155
26.5202
26.5202
26.5196
26.52
26.5195
26.5181
26.5181
26.5181
26.5178
26.5177
26.5155
26.5155
26.5155
26.5149
26.5149
26.5149
26.5149
26.5149
26.5149
26.5149
26.5149
26.5142
26.5142
26.5135
26.5133
26.5131
26.5127
26.5125
26.5142
26.5142
26.5135
26.5133
26.5131
26.5127
26.5125
26.5119
26.5142
26.5142
26.5135
26.5133
26.5131
26.5127
26.5125
26.5119
26.5142
26.5142
26.5135
26.5133
26.5131
26.5127
26.5125
26.5119
26.5119
26.511
26.5105
26.5102
26.5102
26.511
26.5105
26.5102
26.5102
26.5102
26.511
26.5105
26.5102
26.5102
26.5102
26.511
26.5105
26.5102
26.5102
26.5102
26.5102
26.5098
26.5098
26.5098
26.5098
26.5094
26.5093
26.5087
26.5083
26.5083
26.5069
26.5068
26.5068
26.5094
26.5093
26.5087
26.5083
26.5083
26.5069
26.5068
26.5068
26.5059
26.5055
26.5054
26.5054
26.5038
26.5038
26.5094
26.5093
26.5087
26.5083
26.5083
26.5069
26.5068
26.5068
26.5059
26.5055
26.5054
26.5054
26.5038
26.5038
26.5094
26.5093
26.5087
26.5083
26.5083
26.5069
26.5068
26.5068
26.5059
26.5055
26.5054
26.5054
26.5038
26.5038
26.5059
26.5055
26.5054
26.5054
26.5038
26.5038
26.5038
26.5038
26.5036
26.503
26.5028
26.5026
26.5017
26.5012
26.5011
26.5003
26.5038
26.5038
26.5036
26.503
26.5028
26.5026
26.5017
26.5012
26.5011
26.5003
26.5038
26.5038
26.5036
26.503
26.5028
26.5026
26.5017
26.5012
26.5011
26.5003
26.5002
26.5002
26.5001
26.5038
26.5038
26.5036
26.5002
26.5002
26.5001
26.5002
26.5002
26.5001
26.4988
26.4996
26.503
26.4988
26.4988
26.5028
26.4996
26.4996
26.5026
26.5017
26.5012
26.5011
26.5003
26.5002
26.5002
26.5001
26.4988
26.4996
26.4994
26.4985
26.4983
26.4972
26.4972
26.4967
26.4963
26.4963
26.4946
26.4945
26.4945
26.4944
26.4942
26.4929
26.4914
26.4994
26.4985
26.4983
26.4972
26.4972
26.4967
26.4963
26.4963
26.4946
26.4945
26.4945
26.4944
26.4942
26.4929
26.4914
26.4994
26.4985
26.4983
26.4972
26.4972
26.4967
26.4963
26.4963
26.4946
26.4945
26.4945
26.4944
26.4942
26.4929
26.4914
26.4994
26.4985
26.4983
26.4972
26.4972
26.4967
26.4963
26.4963
26.4946
26.4945
26.4945
26.4944
26.4942
26.4929
26.4914
26.4918
26.4918
26.4918
26.4918
26.4915
26.491
26.4909
26.4909
26.4902
26.4902
26.4899
26.4897
26.4893
26.4886
26.4882
26.4874
26.4876
26.4876
26.4915
26.491
26.4909
26.4909
26.4902
26.4902
26.4899
26.4897
26.4893
26.4886
26.4882
26.4874
26.4876
26.4876
26.4915
26.491
26.4909
26.4909
26.4902
26.4902
26.4899
26.4897
26.4893
26.4886
26.4882
26.4874
26.4876
26.4876
26.4915
26.491
26.4909
26.4909
26.4902
26.4902
26.4899
26.4897
26.4893
26.4886
26.4882
26.4874
26.4876
26.4876
26.4847
26.4847
26.4847
26.4847
26.4846
26.4861
26.4844
26.4844
26.4844
26.4851
26.4833
26.4832
26.4832
26.4833
26.4823
26.4817
26.4815
26.4846
26.4861
26.4844
26.4844
26.4844
26.4851
26.4833
26.4832
26.4832
26.4833
26.4823
26.4817
26.4815
26.4815
26.4846
26.4861
26.4844
26.4844
26.4844
26.4851
26.4833
26.4832
26.4832
26.4833
26.4823
26.4817
26.4815
26.4815
26.4846
26.4861
26.4844
26.4844
26.4844
26.4851
26.4833
26.4832
26.4832
26.4833
26.4823
26.4817
26.4815
26.4815
26.4815
26.4812
26.4812
26.4812
26.4811
26.4803
26.4797
26.4797
26.4794
26.4788
26.4784
26.4779
26.4765
26.4765
26.4759
26.4811
26.4803
26.4797
26.4797
26.4794
26.4788
26.4784
26.4779
26.4765
26.4765
26.4759
26.4754
26.475
26.475
26.4811
26.4803
26.4797
26.4797
26.4794
26.4788
26.4784
26.4779
26.4765
26.4765
26.4759
26.4812
26.4754
26.4754
26.4811
26.475
26.475
26.4803
26.475
26.475
26.4797
26.4797
26.4794
26.4788
26.4784
26.4779
26.4765
26.4765
26.4759
26.4754
26.475
26.475
26.4751
26.4751
26.4751
26.4751
26.4751
26.4746
26.4742
26.4735
26.4735
26.4729
26.4728
26.4722
26.4722
26.4718
26.4719
26.4719
26.471
26.4696
26.4751
26.4746
26.4742
26.4735
26.4735
26.4729
26.4728
26.4722
26.4722
26.4718
26.4719
26.4719
26.471
26.4696
26.4751
26.4746
26.4742
26.4735
26.4735
26.4729
26.4728
26.4722
26.4722
26.4718
26.4719
26.4719
26.471
26.4696
26.4751
26.4746
26.4742
26.4735
26.4735
26.4729
26.4728
26.4722
26.4722
26.4718
26.4719
26.4719
26.471
26.4696
26.4692
26.4691
26.4692
26.4682
26.4681
26.4673
26.4665
26.4665
26.4652
26.4661
26.4661
26.4654
26.4654
26.4654
26.4654
26.4692
26.4691
26.4692
26.4682
26.4681
26.4673
26.4665
26.4665
26.4652
26.4661
26.4661
26.4654
26.4654
26.4654
26.4654
26.4692
26.4692
26.4691
26.4691
26.4692
26.4692
26.4682
26.4682
26.4681
26.4681
26.4673
26.4673
26.4665
26.4665
26.4665
26.4665
26.4652
26.4652
26.4661
26.4661
26.4661
26.4661
26.4654
26.4654
26.4654
26.4654
26.4654
26.4654
26.4654
26.4654
26.4642
26.4642
26.4642
26.4642
26.4639
26.4637
26.4633
26.4627
26.4625
26.4601
26.46
26.46
26.46
26.46
26.4589
26.4589
26.4583
26.4578
26.4639
26.4637
26.4633
26.4627
26.4625
26.4601
26.46
26.46
26.46
26.46
26.4589
26.4589
26.4583
26.4578
26.4639
26.4637
26.4633
26.4627
26.4625
26.4601
26.46
26.46
26.46
26.46
26.4589
26.4589
26.4583
26.4578
26.4639
26.4637
26.4633
26.4627
26.4625
26.4601
26.46
26.46
26.46
26.46
26.4589
26.4589
26.4583
26.4578
26.4569
26.4569
26.4569
26.4569
26.4563
26.4557
26.4563
26.4557
26.4563
26.4557
26.4563
26.4557
26.4562
26.4562
26.4562
26.4554
26.4562
26.4554
26.4546
26.4545
26.4545
26.4532
26.453
26.453
26.453
26.4519
26.4511
26.4554
26.4546
26.4545
26.4545
26.4532
26.453
26.453
26.453
26.4519
26.4511
26.4511
26.4546
26.4545
26.4545
26.4532
26.453
26.453
26.453
26.4519
26.4511
26.4511
26.4554
26.4546
26.4545
26.4545
26.4532
26.453
26.453
26.453
26.4519
26.4511
26.4511
26.4511
26.4498
26.4498
26.4498
26.4498
26.4498
26.4498
26.4498
26.4498
26.4498
26.4498
26.4498
26.4498
26.4498
26.4498
26.4498
26.4498
26.4498
26.4498
26.4498
26.4492
26.4483
26.4479
26.4479
26.4477
26.4475
26.447
26.4492
26.4483
26.4479
26.4479
26.4477
26.4475
26.447
26.4466
26.4466
26.4462
26.4492
26.4483
26.4479
26.4479
26.4477
26.4475
26.447
26.4466
26.4466
26.4462
26.4498
26.4492
26.4483
26.4479
26.4479
26.4477
26.4475
26.447
26.4466
26.4466
26.4462
26.4466
26.4466
26.4462
26.4453
26.4453
26.4453
26.4452
26.445
26.4452
26.445
26.4452
26.445
26.4453
26.4452
26.445
26.4445
26.4437
26.4437
26.4419
26.4419
26.4416
26.4414
26.4404
26.44
26.44
26.4445
26.4437
26.4437
26.4419
26.4419
26.4416
26.4414
26.4404
26.44
26.44
26.4402
26.4392
26.4445
26.4437
26.4437
26.4419
26.4419
26.4416
26.4414
26.4404
26.44
26.44
26.4402
26.4392
26.4445
26.4437
26.4437
26.4419
26.4419
26.4416
26.4414
26.4404
26.44
26.44
26.4402
26.4392
26.4402
26.4392
26.4393
26.4393
26.4393
26.4393
26.4392
26.4369
26.4383
26.4363
26.4363
26.4363
26.4363
26.4363
26.4349
26.4349
26.4349
26.4349
26.4341
26.4329
26.4392
26.4369
26.4383
26.4363
26.4363
26.4363
26.4363
26.4363
26.4349
26.4349
26.4349
26.4349
26.4341
26.4329
26.4392
26.4369
26.4383
26.4363
26.4363
26.4363
26.4363
26.4363
26.4349
26.4349
26.4349
26.4349
26.4341
26.4329
26.4392
26.4369
26.4383
26.4363
26.4363
26.4363
26.4363
26.4363
26.4349
26.4349
26.4349
26.4349
26.4341
26.4329
26.4327
26.4327
26.4304
26.4302
26.4327
26.4327
26.4304
26.4327
26.4327
26.4304
26.4302
26.4302
26.4327
26.4327
26.4304
26.4302
26.4302
26.4304
26.4299
26.4301
26.4297
26.4288
26.4279
26.4302
26.4304
26.4299
26.4301
26.4297
26.4288
26.4279
26.4279
26.4247
26.4247
26.4242
26.4302
26.4304
26.4299
26.4301
26.4297
26.4288
26.4279
26.4279
26.4247
26.4247
26.4242
26.4302
26.4304
26.4299
26.4301
26.4297
26.4288
26.4279
26.4279
26.4247
26.4247
26.4242
26.4279
26.4247
26.4247
26.4242
26.4242
26.4242
26.4242
26.4242
26.4241
26.4241
26.4236
26.4236
26.4241
26.4241
26.4236
26.4236
26.4235
26.4235
26.4234
26.4222
26.422
26.4213
26.4213
26.4211
26.4206
26.4206
26.4236
26.4235
26.4235
26.4234
26.4222
26.422
26.4213
26.4213
26.4211
26.4206
26.4206
26.42
26.4236
26.4236
26.4235
26.4235
26.4234
26.4222
26.422
26.4213
26.4213
26.4211
26.4206
26.4206
26.4236
26.4235
26.4235
26.4234
26.4222
26.422
26.4213
26.4213
26.4211
26.4206
26.4206
26.42
26.42
26.42
26.4197
26.4197
26.4197
26.4197
26.4197
26.4197
26.4197
26.419
26.4185
26.418
26.418
26.4172
26.4172
26.4171
26.4167
26.4167
26.4197
26.419
26.4185
26.418
26.418
26.4172
26.4172
26.4171
26.4167
26.4167
26.4197
26.419
26.4185
26.418
26.418
26.4172
26.4172
26.4171
26.4167
26.4167
26.4167
26.4167
26.416
26.4149
26.4167
26.416
26.4149
26.416
26.4149
26.4197
26.4197
26.4197
26.419
26.4185
26.418
26.418
26.4172
26.4172
26.4171
26.4167
26.4167
26.4167
26.416
26.4149
26.4146
26.4146
26.4146
26.4146
26.4138
26.4135
26.4133
26.4119
26.4115
26.4107
26.4103
26.4104
26.4102
26.4102
26.4102
26.4083
26.4083
26.4083
26.4138
26.4135
26.4133
26.4119
26.4115
26.4107
26.4103
26.4104
26.4102
26.4102
26.4102
26.4083
26.4083
26.4083
26.4138
26.4135
26.4133
26.4119
26.4115
26.4107
26.4103
26.4104
26.4102
26.4102
26.4102
26.4083
26.4083
26.4083
26.4138
26.4135
26.4133
26.4119
26.4115
26.4107
26.4103
26.4104
26.4102
26.4102
26.4102
26.4083
26.4083
26.4083
26.4071
26.4071
26.4071
26.4071
26.4071
26.4071
26.4057
26.4062
26.4056
26.4055
26.4052
26.4037
26.4044
26.4032
26.403
26.4031
26.4019
26.4071
26.4071
26.4057
26.4062
26.4056
26.4055
26.4052
26.4037
26.4044
26.4032
26.403
26.4031
26.4019
26.4019
26.4071
26.4071
26.4057
26.4062
26.4056
26.4055
26.4052
26.4037
26.4044
26.4032
26.403
26.4031
26.4019
26.4019
26.4071
26.4071
26.4057
26.4062
26.4056
26.4055
26.4052
26.4037
26.4044
26.4032
26.403
26.4031
26.4019
26.4019
26.4019
26.4011
26.4011
26.401
26.4011
26.401
26.4011
26.401
26.4005
26.4011
26.3989
26.3989
26.3989
26.3989
26.3982
26.3982
26.3979
26.3979
26.3977
26.3963
26.4005
26.4011
26.3989
26.3989
26.3989
26.3989
26.3982
26.3982
26.3979
26.3979
26.3977
26.3963
26.3959
26.4005
26.4011
26.3989
26.3989
26.3989
26.3989
26.3982
26.3982
26.3979
26.3979
26.3977
26.3963
26.3959
26.401
26.4005
26.4011
26.3989
26.3989
26.3989
26.3989
26.3982
26.3982
26.3979
26.3979
26.3977
26.3963
26.3959
26.3959
26.3954
26.3944
26.3944
26.3944
26.3937
26.3937
26.3941
26.3936
26.394
26.3924
26.3906
26.3954
26.3944
26.3944
26.3944
26.3937
26.3937
26.3941
26.3936
26.394
26.3924
26.3906
26.3904
26.3897
26.3891
26.3891
26.3954
26.3944
26.3944
26.3944
26.3937
26.3937
26.3941
26.3936
26.394
26.3924
26.3906
26.3954
26.3904
26.3904
26.3944
26.3897
26.3897
26.3944
26.3891
26.3891
26.3944
26.3937
26.3937
26.3941
26.3891
26.3936
26.394
26.3891
26.3924
26.3906
26.3904
26.3897
26.3891
26.3891
26.3889
26.387
26.3876
26.3871
26.3863
26.3845
26.3845
26.3854
26.3889
26.387
26.3876
26.3871
26.3863
26.3845
26.3845
26.3854
26.3889
26.387
26.3876
26.3871
26.3863
26.3845
26.3845
26.3854
26.3854
26.3854
26.3889
26.387
26.3876
26.3871
26.3863
26.3845
26.3845
26.3849
26.3844
26.3844
26.3836
26.3834
26.3826
26.3849
26.3844
26.3844
26.3836
26.3834
26.3826
26.3854
26.3854
26.3854
26.3849
26.3849
26.3844
26.3844
26.3844
26.3844
26.3836
26.3836
26.3834
26.3834
26.3826
26.3826
26.3819
26.3819
26.3819
26.3819
26.3804
26.3804
26.3798
26.3798
26.3784
26.3795
26.3778
26.3778
26.3778
26.3778
26.3781
26.3819
26.3819
26.3804
26.3804
26.3798
26.3798
26.3784
26.3795
26.3778
26.3778
26.3778
26.3778
26.3781
26.3819
26.3819
26.3819
26.3804
26.3804
26.3798
26.3798
26.3784
26.3795
26.3778
26.3778
26.3778
26.3778
26.3781
26.3776
26.3776
26.3776
26.3819
26.3819
26.3819
26.3804
26.3804
26.3798
26.3798
26.3784
26.3795
26.3778
26.3778
26.3778
26.3778
26.3781
26.3776
26.3776
26.3768
26.3764
26.3761
26.3776
26.3768
26.3764
26.3761
26.3746
26.374
26.3731
26.3738
26.3729
26.3725
26.3746
26.374
26.3731
26.3738
26.3729
26.3725
26.3776
26.3768
26.3764
26.3761
26.3746
26.374
26.3718
26.3718
26.3718
26.3709
26.3708
26.3718
26.3718
26.3718
26.3709
26.3708
26.3731
26.3738
26.3729
26.3725
26.3718
26.3776
26.3718
26.3768
26.3718
26.3764
26.3709
26.3761
26.3746
26.3708
26.374
26.3731
26.3738
26.3729
26.3725
26.3718
26.3718
26.3718
26.3709
26.3708
26.37
26.37
26.3701
26.3685
26.3683
26.3683
26.37
26.37
26.3701
26.3685
26.3683
26.3683
26.37
26.37
26.3701
26.3685
26.3683
26.3683
26.3682
26.3682
26.3682
26.367
26.3643
26.3643
26.367
26.3643
26.3643
26.367
26.3643
26.3643
26.3643
26.3643
26.3643
26.3643
26.365
26.3642
26.3643
26.365
26.3642
26.363
26.3643
26.365
26.3642
26.363
26.37
26.363
26.37
26.3701
26.3685
26.3683
26.3683
26.3682
26.367
26.3643
26.3643
26.3643
26.3643
26.365
26.3642
26.363
26.363
26.363
26.3632
26.3616
26.3623
26.3617
26.361
26.3603
26.3585
26.3585
26.3598
26.363
26.363
26.3632
26.3616
26.3623
26.3617
26.361
26.3603
26.3585
26.3585
26.3598
26.363
26.363
26.3632
26.3616
26.3623
26.3617
26.361
26.3603
26.3585
26.3585
26.3598
26.3593
26.3593
26.3582
26.3582
26.3578
26.3578
26.3578
26.3593
26.3582
26.3578
26.363
26.3578
26.363
26.3578
26.3632
26.3616
26.3623
26.3617
26.361
26.3603
26.3585
26.3585
26.3598
26.3593
26.3582
26.3578
26.3578
26.3571
26.3571
26.3571
26.3565
26.3559
26.3559
26.3556
26.3544
26.3539
26.3538
26.3538
26.3518
26.3518
26.3517
26.3517
26.3514
26.3499
26.3565
26.3559
26.3559
26.3556
26.3544
26.3539
26.3538
26.3538
26.3518
26.3518
26.3517
26.3565
26.3559
26.3559
26.3556
26.3544
26.3539
26.3538
26.3538
26.3518
26.3518
26.3517
26.3571
26.3517
26.3517
26.3565
26.3514
26.3514
26.3559
26.3499
26.3559
26.3556
26.3499
26.3544
26.3539
26.3538
26.3538
26.3518
26.3518
26.3517
26.3517
26.3514
26.3499
26.3503
26.3503
26.3501
26.3503
26.3501
26.3503
26.3501
26.3501
26.3493
26.3493
26.349
26.3486
26.3487
26.3476
26.3478
26.3476
26.347
26.347
26.3471
26.3467
26.346
26.3493
26.3493
26.349
26.3486
26.3487
26.3476
26.3478
26.3476
26.347
26.347
26.3471
26.3467
26.346
26.3493
26.3493
26.349
26.3486
26.3487
26.3476
26.3478
26.3476
26.347
26.347
26.3471
26.3467
26.346
26.3493
26.3493
26.349
26.3486
26.3487
26.3476
26.3478
26.3476
26.347
26.347
26.3471
26.3467
26.346
26.3452
26.3452
26.3452
26.3452
26.3447
26.3446
26.3436
26.3434
26.3421
26.3417
26.3404
26.3404
26.3402
26.3402
26.34
26.3396
26.3393
26.3371
26.3447
26.3446
26.3436
26.3434
26.3421
26.3417
26.3404
26.3404
26.3402
26.3402
26.34
26.3396
26.3393
26.3371
26.3447
26.3446
26.3436
26.3434
26.3421
26.3417
26.3404
26.3404
26.3402
26.3402
26.34
26.3396
26.3393
26.3371
26.3447
26.3446
26.3436
26.3434
26.3421
26.3417
26.3404
26.3404
26.3402
26.3402
26.34
26.3396
26.3393
26.3371
26.3371
26.3371
26.3371
26.3371
26.3381
26.3368
26.3368
26.3368
26.3363
26.3363
26.3352
26.3352
26.3335
26.333
26.333
26.333
26.333
26.3321
26.3381
26.3368
26.3368
26.3368
26.3363
26.3363
26.3352
26.3352
26.3335
26.333
26.333
26.333
26.333
26.3321
26.3381
26.3368
26.3368
26.3368
26.3363
26.3363
26.3352
26.3352
26.3335
26.333
26.333
26.333
26.333
26.3321
26.3381
26.3368
26.3368
26.3368
26.3363
26.3363
26.3352
26.3352
26.3335
26.333
26.333
26.333
26.333
26.3321
26.3321
26.3321
26.3321
26.3321
26.3314
26.3308
26.3305
26.33
26.33
26.33
26.3295
26.329
26.329
26.3279
26.3279
26.3279
26.3273
26.3263
26.3314
26.3308
26.3305
26.33
26.33
26.33
26.3295
26.329
26.329
26.3279
26.3279
26.3279
26.3273
26.3263
26.3314
26.3308
26.3305
26.33
26.33
26.33
26.3295
26.329
26.329
26.3279
26.3279
26.3279
26.3273
26.3263
26.3314
26.3308
26.3305
26.33
26.33
26.33
26.3295
26.329
26.329
26.3279
26.3279
26.3279
26.3273
26.3263
26.326
26.326
26.326
26.326
26.326
26.326
26.3249
26.3246
26.3246
26.3242
26.3235
26.3231
26.3231
26.3225
26.3225
26.3206
26.3212
26.3212
26.326
26.326
26.3249
26.3246
26.3246
26.3242
26.3235
26.3231
26.3231
26.3225
26.3225
26.3206
26.3212
26.3212
26.326
26.326
26.3249
26.3246
26.3246
26.3242
26.3235
26.3231
26.3231
26.3225
26.3225
26.3206
26.3212
26.3212
26.326
26.326
26.3249
26.3246
26.3246
26.3242
26.3235
26.3231
26.3231
26.3225
26.3225
26.3206
26.3212
26.3212
26.32
26.3197
26.3185
26.319
26.3179
26.3174
26.3174
26.3169
26.3167
26.3159
26.3156
26.3155
26.3147
26.3147
26.3141
26.32
26.3197
26.3185
26.319
26.3179
26.3174
26.3174
26.3169
26.3167
26.3159
26.3156
26.3155
26.3147
26.3147
26.3141
26.32
26.3197
26.3185
26.319
26.3179
26.3174
26.3174
26.3169
26.3167
26.3159
26.3156
26.3155
26.3147
26.3147
26.3141
26.32
26.3197
26.3185
26.319
26.3179
26.3174
26.3174
26.3169
26.3167
26.3159
26.3156
26.3155
26.3147
26.3147
26.3141
26.3135
26.3135
26.3135
26.3118
26.3118
26.3118
26.3118
26.3118
26.311
26.311
26.3103
26.3103
26.3094
26.3089
26.3118
26.3118
26.3118
26.3118
26.3118
26.311
26.311
26.3103
26.3118
26.3118
26.3118
26.3118
26.3118
26.311
26.311
26.3103
26.3135
26.3118
26.3103
26.3103
26.3118
26.3118
26.3118
26.3118
26.311
26.311
26.3094
26.3089
26.3069
26.3062
26.3062
26.3094
26.3089
26.3069
26.3062
26.3062
26.3069
26.3103
26.3062
26.3103
26.3094
26.3062
26.3089
26.3069
26.3062
26.3062
26.3067
26.3066
26.3036
26.3036
26.3036
26.3036
26.3036
26.3027
26.3021
26.3067
26.3066
26.3036
26.3036
26.3036
26.3036
26.3036
26.3027
26.3021
26.3067
26.3066
26.3036
26.3036
26.3036
26.3036
26.3036
26.3027
26.3021
26.3019
26.3016
26.3016
26.3067
26.3066
26.3036
26.3036
26.3019
26.3016
26.3016
26.2996
26.3019
26.3016
26.3016
26.2996
26.2996
26.2997
26.2993
26.3036
26.2997
26.2997
26.2993
26.3036
26.2993
26.3036
26.3027
26.3021
26.3019
26.3016
26.3016
26.2996
26.2997
26.2993
26.2989
26.2984
26.2983
26.2981
26.298
26.2974
26.2965
26.2965
26.2965
26.2965
26.2954
26.2931
26.295
26.2949
26.2914
26.2989
26.2984
26.2983
26.2981
26.298
26.2974
26.2965
26.2965
26.2965
26.2965
26.2954
26.2931
26.295
26.2949
26.2914
26.2989
26.2984
26.2983
26.2981
26.298
26.2974
26.2965
26.2965
26.2965
26.2965
26.2954
26.2931
26.295
26.2949
26.2914
26.2989
26.2984
26.2983
26.2981
26.298
26.2974
26.2965
26.2965
26.2965
26.2965
26.2954
26.2931
26.295
26.2949
26.2914
26.2914
26.2914
26.2914
26.2914
26.2915
26.2914
26.2915
26.2914
26.2915
26.2914
26.2914
26.2915
26.2915
26.2918
26.2915
26.2907
26.2915
26.2918
26.2915
26.2907
26.2915
26.2918
26.2915
26.2907
26.2907
26.2903
26.2898
26.2897
26.2907
26.2903
26.2898
26.2897
26.289
26.2886
26.2886
26.2877
26.2915
26.2918
26.2915
26.2907
26.2907
26.2903
26.2898
26.2897
26.289
26.2907
26.2903
26.2898
26.2897
26.289
26.2886
26.2886
26.2877
26.289
26.2886
26.2886
26.2886
26.2886
26.2877
26.2877
26.2875
26.2876
26.2873
26.2871
26.286
26.2853
26.2875
26.2876
26.2873
26.2871
26.2875
26.2876
26.2873
26.2871
26.286
26.286
26.2875
26.2876
26.2873
26.2871
26.286
26.2853
26.2847
26.2847
26.2842
26.2836
26.2835
26.2847
26.2847
26.2842
26.2836
26.2835
26.2835
26.2819
26.2819
26.2804
26.2853
26.2847
26.2847
26.2842
26.2836
26.2835
26.2835
26.2819
26.2819
26.2804
26.2853
26.2847
26.2847
26.2842
26.2836
26.2835
26.2835
26.2819
26.2819
26.2804
26.2835
26.2819
26.2819
26.2804
26.2804
26.2804
26.2804
26.2804
26.281
26.28
26.28
26.2792
26.2792
26.2774
26.277
26.277
26.281
26.28
26.28
26.2792
26.2792
26.2774
26.277
26.277
26.281
26.28
26.28
26.2792
26.2792
26.2774
26.277
26.277
26.281
26.28
26.28
26.2792
26.2792
26.2774
26.277
26.277
26.2769
26.2761
26.2769
26.2769
26.2761
26.2761
26.2769
26.2761
26.2751
26.2751
26.2745
26.2751
26.2751
26.2745
26.2745
26.2751
26.2751
26.2745
26.2745
26.2751
26.2751
26.2745
26.2745
26.2745
26.273
26.273
26.273
26.273
26.273
26.2724
26.2724
26.2733
26.2725
26.2725
26.2711
26.2711
26.2711
26.2709
26.2705
26.2703
26.273
26.273
26.273
26.2724
26.2724
26.2733
26.2725
26.2725
26.2711
26.2711
26.2711
26.273
26.273
26.273
26.273
26.2724
26.2724
26.2733
26.2725
26.2725
26.2711
26.2711
26.273
26.2711
26.2709
26.273
26.2709
26.2705
26.273
26.2705
26.2703
26.273
26.2703
26.2724
26.2724
26.2733
26.2725
26.2725
26.2711
26.2711
26.2711
26.2709
26.2705
26.2703
26.2682
26.2682
26.2682
26.2682
26.268
26.268
26.268
26.268
26.2676
26.2656
26.2659
26.2659
26.2659
26.2654
26.2682
26.268
26.268
26.268
26.268
26.2676
26.2656
26.2659
26.2659
26.2659
26.2654
26.2649
26.2648
26.2627
26.2682
26.268
26.268
26.268
26.268
26.2676
26.2656
26.2659
26.2659
26.2659
26.2682
26.2654
26.2649
26.2649
26.2682
26.2648
26.2648
26.268
26.2627
26.2627
26.268
26.268
26.268
26.2676
26.2656
26.2659
26.2659
26.2659
26.2654
26.2649
26.2648
26.2627
26.2643
26.2633
26.2638
26.2629
26.2628
26.2618
26.2617
26.2612
26.2609
26.2609
26.2602
26.26
26.2597
26.258
26.258
26.2643
26.2633
26.2638
26.2629
26.2628
26.2618
26.2617
26.2612
26.2609
26.2609
26.2602
26.2643
26.2633
26.2638
26.2629
26.2628
26.2618
26.2617
26.2612
26.2609
26.2609
26.2602
26.2643
26.26
26.26
26.2633
26.2597
26.2597
26.2638
26.258
26.258
26.2629
26.258
26.258
26.2628
26.2618
26.2617
26.2612
26.2609
26.2609
26.2602
26.26
26.2597
26.258
26.258
26.258
26.258
26.258
26.2574
26.2566
26.2565
26.2565
26.2552
26.2552
26.2549
26.2548
26.255
26.2524
26.2524
26.2524
26.2524
26.2517
26.2574
26.2566
26.2565
26.2565
26.2552
26.2552
26.2549
26.2548
26.255
26.2524
26.2524
26.2574
26.2566
26.2565
26.2565
26.2552
26.2552
26.2549
26.2548
26.255
26.2524
26.2524
26.258
26.2524
26.2524
26.2574
26.2524
26.2566
26.2524
26.2517
26.2517
26.2565
26.2565
26.2552
26.2552
26.2549
26.2548
26.255
26.2524
26.2524
26.2524
26.2524
26.2517
26.2517
26.2504
26.2504
26.2501
26.249
26.249
26.2491
26.2489
26.2488
26.2517
26.2504
26.2504
26.2501
26.249
26.249
26.2491
26.2489
26.2488
26.248
26.2517
26.2504
26.2504
26.2501
26.249
26.249
26.2491
26.2489
26.2488
26.248
26.2517
26.2504
26.2504
26.2501
26.249
26.249
26.2491
26.2489
26.2488
26.2476
26.2476
26.248
26.2464
26.2476
26.248
26.2462
26.2464
26.2476
26.2459
26.2462
26.2464
26.2458
26.2459
26.2458
26.2464
26.2462
26.2462
26.2459
26.2459
26.2458
26.2458
26.2452
26.2452
26.2452
26.2452
26.2452
26.2452
26.2452
26.2449
26.2446
26.2443
26.2443
26.2439
26.2432
26.2422
26.2449
26.2446
26.2443
26.2443
26.2439
26.2432
26.2422
26.2422
26.2415
26.2449
26.2446
26.2443
26.2443
26.2439
26.2432
26.2422
26.2422
26.2422
26.2452
26.2449
26.2446
26.2443
26.2443
26.2439
26.2415
26.241
26.2406
26.2405
26.24
26.2415
26.241
26.2406
26.2405
26.24
26.241
26.2432
26.2406
26.2422
26.2422
26.2405
26.2415
26.241
26.24
26.2406
26.2405
26.24
26.2397
26.2391
26.2373
26.2373
26.2373
26.2364
26.2356
26.2353
26.2397
26.2391
26.2373
26.2373
26.2373
26.2364
26.2356
26.2353
26.2342
26.2342
26.2342
26.2397
26.2391
26.2373
26.2373
26.2373
26.2364
26.2356
26.2353
26.2342
26.2339
26.2342
26.2342
26.2342
26.2339
26.2328
26.2322
26.2322
26.2342
26.2342
26.2339
26.2397
26.2328
26.2328
26.2391
26.2322
26.2322
26.2373
26.2322
26.2322
26.2373
26.2373
26.2364
26.2356
26.2353
26.2342
26.2342
26.2342
26.2339
26.2328
26.2322
26.2322
26.2322
26.2322
26.2322
26.232
26.232
26.232
26.2318
26.2302
26.2302
26.2302
26.2294
26.2292
26.2286
26.2284
26.2279
26.2277
26.2273
26.232
26.232
26.232
26.2318
26.2302
26.2302
26.2302
26.2294
26.2292
26.2286
26.2284
26.232
26.232
26.232
26.2318
26.2302
26.2302
26.2302
26.2294
26.2292
26.2286
26.2322
26.2284
26.2279
26.232
26.2279
26.2277
26.232
26.2277
26.2273
26.232
26.2273
26.2318
26.2302
26.2302
26.2302
26.2294
26.2292
26.2286
26.2284
26.2279
26.2277
26.2273
26.2267
26.2267
26.2267
26.226
26.2267
26.226
26.2267
26.2267
26.226
26.2267
26.2267
26.226
26.225
26.2254
26.2245
26.2245
26.2244
26.2218
26.2218
26.2217
26.2212
26.225
26.2254
26.2245
26.2245
26.2244
26.2218
26.2218
26.2217
26.2212
26.2211
26.2211
26.2207
26.225
26.2254
26.2245
26.2245
26.2244
26.2218
26.2218
26.2217
26.2212
26.2211
26.2211
26.2207
26.225
26.2254
26.2245
26.2245
26.2244
26.2218
26.2218
26.2217
26.2212
26.2211
26.2211
26.2207
26.2211
26.2211
26.2207
26.2207
26.2207
26.2207
26.2207
26.2171
26.2171
26.2207
26.2207
26.2207
26.2207
26.2176
26.2176
26.2176
26.2176
26.2171
26.2153
26.2153
26.2171
26.2176
26.2176
26.2153
26.2153
26.2152
26.2151
26.2151
26.2135
26.2151
26.2153
26.2152
26.2151
26.2151
26.2135
26.2151
26.2145
26.2145
26.215
26.2153
26.2152
26.2151
26.2151
26.2135
26.2151
26.2145
26.2145
26.215
26.2176
26.2176
26.2153
26.2153
26.2152
26.2151
26.2151
26.2135
26.2151
26.2145
26.2145
26.2145
26.215
26.2145
26.215
26.2142
26.2136
26.2136
26.213
26.2126
26.2114
26.211
26.211
26.2099
26.2108
26.2102
26.2142
26.2136
26.2136
26.213
26.2126
26.2114
26.211
26.211
26.2099
26.2108
26.2102
26.2142
26.2136
26.2136
26.213
26.2126
26.2114
26.211
26.211
26.2099
26.2108
26.2102
26.2102
26.2085
26.2083
26.2077
26.2102
26.2142
26.2102
26.2085
26.2136
26.2085
26.2083
26.2136
26.2083
26.2077
26.213
26.2077
26.2126
26.2114
26.211
26.211
26.2099
26.2108
26.2102
26.2102
26.2085
26.2083
26.2077
26.2077
26.2077
26.2077
26.2071
26.2069
26.2069
26.206
26.206
26.2065
26.2057
26.2057
26.2054
26.2054
26.2048
26.2071
26.2069
26.2069
26.206
26.206
26.2065
26.2057
26.2057
26.2054
26.2054
26.2048
26.2071
26.2069
26.2069
26.206
26.206
26.2065
26.2057
26.2057
26.2054
26.2054
26.2048
26.2044
26.2044
26.2026
26.2077
26.2044
26.2044
26.2071
26.2044
26.2044
26.2069
26.2026
26.2026
26.2069
26.206
26.206
26.2065
26.2057
26.2057
26.2054
26.2054
26.2048
26.2044
26.2044
26.2026
26.2025
26.2025
26.2025
26.2023
26.2019
26.2018
26.2013
26.2008
26.2008
26.1993
26.1983
26.1993
26.1983
26.1983
26.2023
26.2019
26.2018
26.2013
26.2008
26.2008
26.1993
26.1983
26.1993
26.1983
26.1983
26.1981
26.1973
26.1973
26.2023
26.2019
26.2018
26.2013
26.2008
26.2008
26.1993
26.1983
26.1993
26.1983
26.2025
26.1983
26.1981
26.2023
26.1981
26.1973
26.2019
26.1973
26.1973
26.2018
26.1973
26.2013
26.2008
26.2008
26.1993
26.1983
26.1993
26.1983
26.1983
26.1981
26.1973
26.1973
26.1963
26.1963
26.1963
26.1954
26.1954
26.195
26.1948
26.1948
26.1947
26.1945
26.1929
26.1909
26.1913
26.1903
26.1911
26.1915
26.1898
26.1954
26.1954
26.195
26.1948
26.1948
26.1947
26.1945
26.1929
26.1909
26.1913
26.1903
26.1954
26.1954
26.195
26.1948
26.1948
26.1947
26.1945
26.1929
26.1909
26.1913
26.1963
26.1903
26.1911
26.1954
26.1911
26.1915
26.1954
26.1915
26.1898
26.195
26.1898
26.1948
26.1948
26.1947
26.1945
26.1929
26.1909
26.1913
26.1903
26.1911
26.1915
26.1898
26.1905
26.1905
26.1901
26.1905
26.1901
26.1905
26.1901
26.1901
26.1897
26.1889
26.1891
26.1884
26.1859
26.1873
26.1872
26.1864
26.1863
26.1863
26.1863
26.1848
26.1848
26.1897
26.1889
26.1891
26.1884
26.1859
26.1873
26.1872
26.1864
26.1863
26.1863
26.1863
26.1848
26.1848
26.1897
26.1889
26.1891
26.1884
26.1859
26.1873
26.1872
26.1864
26.1863
26.1863
26.1863
26.1848
26.1848
26.1897
26.1889
26.1891
26.1884
26.1859
26.1873
26.1872
26.1864
26.1863
26.1863
26.1863
26.1848
26.1848
26.1857
26.1857
26.1838
26.1838
26.1857
26.1838
26.1834
26.1834
26.1829
26.1824
26.1829
26.1834
26.1829
26.1824
26.1829
26.1824
26.1829
26.1824
26.182
26.1815
26.1811
26.181
26.1806
26.18
26.1796
26.1829
26.1824
26.182
26.1815
26.1811
26.181
26.1806
26.18
26.1796
26.1795
26.1824
26.182
26.1815
26.1811
26.181
26.1806
26.18
26.1796
26.1857
26.1795
26.1795
26.1838
26.1834
26.1829
26.1824
26.1829
26.1824
26.182
26.1815
26.1811
26.181
26.1806
26.18
26.1796
26.1795
26.1799
26.1799
26.1799
26.1779
26.1776
26.1779
26.178
26.1776
26.1776
26.1765
26.1768
26.1769
26.1767
26.1757
26.1779
26.1776
26.1779
26.178
26.1776
26.1776
26.1765
26.1768
26.1769
26.1767
26.1757
26.1754
26.175
26.1744
26.1779
26.1776
26.1779
26.178
26.1776
26.1776
26.1765
26.1768
26.1769
26.1767
26.1799
26.1757
26.1754
26.1754
26.1779
26.175
26.175
26.1776
26.1744
26.1744
26.1779
26.178
26.1776
26.1776
26.1765
26.1768
26.1769
26.1767
26.1757
26.1754
26.175
26.1744
26.1738
26.1738
26.1738
26.1732
26.1732
26.1724
26.1722
26.1713
26.1699
26.1732
26.1732
26.1724
26.1722
26.1713
26.1699
26.1699
26.1699
26.1732
26.1732
26.1724
26.1722
26.1713
26.1699
26.1738
26.1732
26.1732
26.1724
26.1722
26.1713
26.1699
26.1699
26.1699
26.1699
26.1699
26.1699
26.1699
26.1699
26.1697
26.1685
26.1685
26.1699
26.1699
26.1699
26.1699
26.1699
26.1697
26.1685
26.1685
26.1699
26.1699
26.1699
26.1699
26.1699
26.1699
26.1697
26.1697
26.1685
26.1685
26.1685
26.1685
26.1668
26.1668
26.1668
26.1668
26.1666
26.1666
26.1666
26.1652
26.1652
26.1649
26.1642
26.1638
26.1638
26.1666
26.1666
26.1666
26.1652
26.1652
26.1649
26.1642
26.1638
26.1638
26.1666
26.1666
26.1666
26.1652
26.1652
26.1649
26.1642
26.1638
26.1638
26.1666
26.1666
26.1666
26.1652
26.1652
26.1649
26.1642
26.1638
26.1638
26.1636
26.1636
26.1636
26.1636
26.1632
26.1632
26.1632
26.163
26.1622
26.1632
26.163
26.163
26.1622
26.1622
26.1622
26.1622
26.163
26.1622
26.1622
26.1622
26.1621
26.1612
26.1614
26.1605
26.1595
26.1595
26.1595
26.16
26.1598
26.1589
26.1584
26.158
26.158
26.1621
26.1612
26.1614
26.1605
26.1595
26.1595
26.1595
26.16
26.1598
26.1589
26.1621
26.1612
26.1614
26.1605
26.1595
26.1595
26.1595
26.16
26.1598
26.1589
26.1621
26.1612
26.1614
26.1584
26.1572
26.1584
26.158
26.158
26.1584
26.158
26.158
26.1605
26.1584
26.1584
26.1595
26.1572
26.1595
26.1572
26.1595
26.16
26.1598
26.1589
26.1584
26.158
26.158
26.1584
26.1572
26.1571
26.1571
26.1571
26.1571
26.1571
26.1566
26.1564
26.1548
26.1548
26.1548
26.1545
26.1535
26.1535
26.1521
26.1521
26.152
26.1514
26.151
26.1571
26.1566
26.1564
26.1548
26.1548
26.1548
26.1545
26.1535
26.1535
26.1521
26.1521
26.152
26.1514
26.151
26.1571
26.1566
26.1564
26.1548
26.1548
26.1548
26.1545
26.1535
26.1535
26.1521
26.1521
26.152
26.1514
26.151
26.1571
26.1566
26.1564
26.1548
26.1548
26.1548
26.1545
26.1535
26.1535
26.1521
26.1521
26.152
26.1514
26.151
26.1506
26.1506
26.1506
26.1506
26.1506
26.1507
26.1501
26.1501
26.15
26.1484
26.1483
26.1478
26.1469
26.145
26.1506
26.1506
26.1507
26.1501
26.1501
26.15
26.1484
26.1483
26.1478
26.1469
26.145
26.1443
26.1444
26.1445
26.1506
26.1506
26.1507
26.1501
26.1501
26.15
26.1484
26.1483
26.1478
26.1469
26.1506
26.145
26.1443
26.1506
26.1443
26.1444
26.1506
26.1444
26.1445
26.1507
26.1445
26.1501
26.1501
26.15
26.1484
26.1483
26.1478
26.1469
26.145
26.1443
26.1444
26.1445
26.144
26.1439
26.1428
26.1428
26.1425
26.1423
26.1407
26.1407
26.14
26.14
26.1399
26.144
26.1439
26.1428
26.1428
26.1425
26.1423
26.1407
26.1407
26.14
26.14
26.1399
26.1393
26.144
26.1439
26.1428
26.1428
26.1425
26.1423
26.1407
26.1407
26.14
26.14
26.1399
26.1393
26.144
26.1439
26.1428
26.1428
26.1425
26.1423
26.1407
26.1407
26.14
26.14
26.1399
26.1393
26.1385
26.1393
26.1385
26.1385
26.1385
26.1385
26.1385
26.1385
26.1385
26.1385
26.1385
26.1385
26.1385
26.1389
26.1385
26.1374
26.1367
26.1357
26.1359
26.1354
26.1347
26.1345
26.134
26.1336
26.134
26.1336
26.1319
26.132
26.1389
26.1385
26.1374
26.1367
26.1357
26.1359
26.1354
26.1347
26.1345
26.134
26.1336
26.1389
26.1385
26.1374
26.1367
26.1357
26.1359
26.1354
26.1347
26.1345
26.134
26.1336
26.134
26.1389
26.134
26.1385
26.1336
26.1336
26.1374
26.1319
26.1319
26.1367
26.132
26.132
26.1357
26.1359
26.1354
26.1347
26.1345
26.134
26.1336
26.134
26.1336
26.1319
26.132
26.1315
26.1315
26.1315
26.1315
26.1309
26.1309
26.1309
26.1309
26.1297
26.1292
26.1292
26.1292
26.1288
26.1289
26.1283
26.1279
26.1267
26.1309
26.1309
26.1309
26.1309
26.1297
26.1292
26.1292
26.1292
26.1288
26.1289
26.1283
26.1279
26.1267
26.1257
26.1309
26.1309
26.1309
26.1309
26.1297
26.1292
26.1292
26.1292
26.1288
26.1289
26.1283
26.1279
26.1267
26.1257
26.1309
26.1309
26.1309
26.1309
26.1297
26.1292
26.1292
26.1292
26.1288
26.1289
26.1283
26.1279
26.1267
26.1257
26.1257
26.1248
26.1248
26.1248
26.1248
26.1238
26.1238
26.1238
26.1238
26.1223
26.1223
26.1223
26.1216
26.1208
26.1205
26.1199
26.1193
26.1196
26.1238
26.1238
26.1238
26.1238
26.1223
26.1223
26.1223
26.1216
26.1208
26.1205
26.1199
26.1193
26.1196
26.1189
26.1238
26.1238
26.1238
26.1238
26.1223
26.1223
26.1223
26.1216
26.1208
26.1205
26.1199
26.1193
26.1196
26.1189
26.1238
26.1238
26.1238
26.1238
26.1223
26.1223
26.1223
26.1216
26.1208
26.1205
26.1199
26.1193
26.1196
26.1189
26.1189
26.1181
26.1181
26.1181
26.1172
26.1172
26.1172
26.1172
26.1181
26.1172
26.1172
26.1171
26.1171
26.1171
26.1171
26.1171
26.1171
26.1171
26.1171
26.1163
26.1171
26.1163
26.1163
26.1141
26.1141
26.1141
26.1138
26.1138
26.113
26.1138
26.1172
26.1172
26.113
26.1123
26.1123
26.1171
26.1171
26.1123
26.1123
26.1171
26.113
26.1123
26.1163
26.1124
26.1141
26.1123
26.113
26.113
26.1138
26.113
26.1124
26.1123
26.1123
26.1123
26.1123
26.1123
26.1123
26.113
26.113
26.1124
26.1124
26.1123
26.1123
26.1115
26.1115
26.1123
26.1115
26.1101
26.1101
26.1101
26.1102
26.1123
26.1115
26.1101
26.1102
26.1102
26.1099
26.1098
26.1089
26.1087
26.1087
26.1077
26.1072
26.1102
26.1099
26.1098
26.1089
26.1087
26.1087
26.1077
26.1072
26.1044
26.1044
26.1044
26.1102
26.1102
26.1099
26.1098
26.1089
26.1087
26.1087
26.1077
26.1072
26.1044
26.1044
26.1044
26.1102
26.1102
26.1099
26.1098
26.1089
26.1087
26.1087
26.1077
26.1072
26.1044
26.1044
26.1044
26.1044
26.1044
26.1044
26.1044
26.1044
26.1044
26.1044
26.1028
26.1025
26.1017
26.1024
26.1044
26.1044
26.1028
26.1025
26.1017
26.1024
26.1044
26.1044
26.1044
26.1028
26.1025
26.1017
26.1024
26.1026
26.1019
26.1018
26.1017
26.1026
26.1019
26.1018
26.1017
26.1026
26.1019
26.1018
26.1017
26.1005
26.1005
26.1005
26.0995
26.0995
26.0995
26.1044
26.1044
26.0995
26.0995
26.0995
26.0995
26.0995
26.0995
26.1044
26.1028
26.1025
26.1017
26.1024
26.1026
26.1019
26.1018
26.1017
26.1005
26.0995
26.0995
26.0995
26.0993
26.0993
26.0991
26.0983
26.0979
26.0958
26.0951
26.0952
26.0949
26.0948
26.0946
26.0943
26.0991
26.0983
26.0979
26.0958
26.0951
26.0952
26.0949
26.0948
26.0946
26.0943
26.0928
26.0927
26.0928
26.0926
26.0993
26.0991
26.0983
26.0979
26.0958
26.0951
26.0952
26.0949
26.0948
26.0946
26.0943
26.0993
26.0928
26.0928
26.0927
26.0991
26.0927
26.0928
26.0983
26.0928
26.0926
26.0979
26.0926
26.0958
26.0951
26.0952
26.0949
26.0948
26.0946
26.0943
26.0928
26.0927
26.0928
26.0926
26.0925
26.0925
26.0925
26.0925
26.0907
26.0906
26.0905
26.0902
26.0889
26.0925
26.0907
26.0906
26.0905
26.0902
26.0889
26.0885
26.0925
26.0907
26.0906
26.0905
26.0902
26.0889
26.0885
26.0885
26.0925
26.0925
26.0907
26.0906
26.0905
26.0902
26.0889
26.0885
26.0884
26.0884
26.0877
26.0877
26.0873
26.0873
26.0873
26.0884
26.0884
26.0877
26.0877
26.0873
26.0873
26.0873
26.0884
26.0884
26.0877
26.0877
26.0873
26.0873
26.0873
26.0884
26.0884
26.0877
26.0877
26.0873
26.0873
26.0873
26.0868
26.0868
26.0868
26.0845
26.0845
26.086
26.0853
26.0851
26.0842
26.0839
26.0835
26.0835
26.0835
26.0824
26.0845
26.0845
26.086
26.0853
26.0851
26.0842
26.0839
26.0835
26.0835
26.0835
26.0824
26.082
26.0813
26.0809
26.0845
26.0845
26.086
26.0853
26.0851
26.0842
26.0839
26.0835
26.0835
26.0835
26.0868
26.0824
26.082
26.0845
26.082
26.0813
26.0845
26.0813
26.0809
26.086
26.0809
26.0853
26.0851
26.0842
26.0839
26.0835
26.0835
26.0835
26.0824
26.082
26.0813
26.0809
26.0793
26.0793
26.0793
26.0793
26.0793
26.0799
26.0795
26.0792
26.0788
26.0759
26.0759
26.0755
26.0755
26.0761
26.0757
26.0757
26.0752
26.0754
26.0793
26.0799
26.0795
26.0792
26.0788
26.0759
26.0759
26.0755
26.0755
26.0761
26.0757
26.0757
26.0752
26.0754
26.0793
26.0799
26.0795
26.0792
26.0788
26.0759
26.0759
26.0755
26.0755
26.0761
26.0757
26.0757
26.0752
26.0754
26.0793
26.0799
26.0795
26.0792
26.0788
26.0759
26.0759
26.0755
26.0755
26.0761
26.0757
26.0757
26.0752
26.0754
26.0748
26.0744
26.0743
26.0742
26.0737
26.0728
26.0704
26.0704
26.0697
26.0699
26.0692
26.0692
26.0692
26.0696
26.0691
26.0748
26.0744
26.0743
26.0742
26.0737
26.0728
26.0704
26.0704
26.0697
26.0699
26.0692
26.0692
26.0692
26.0696
26.0691
26.0748
26.0744
26.0743
26.0742
26.0737
26.0728
26.0704
26.0704
26.0697
26.0699
26.0692
26.0692
26.0692
26.0696
26.0691
26.0748
26.0744
26.0743
26.0742
26.0737
26.0728
26.0704
26.0704
26.0697
26.0699
26.0692
26.0692
26.0692
26.0696
26.0691
26.0685
26.0685
26.0685
26.0685
26.0661
26.0664
26.0662
26.0662
26.0661
26.0664
26.0662
26.0662
26.0652
26.0661
26.0664
26.0662
26.0662
26.0661
26.0664
26.0662
26.0662
26.0652
26.0643
26.0652
26.0625
26.0621
26.0621
26.0611
26.0603
26.0603
26.0603
26.0597
26.0643
26.0625
26.0621
26.0621
26.0611
26.0603
26.0643
26.0625
26.0621
26.0621
26.0611
26.0603
26.0603
26.0652
26.0603
26.0603
26.0643
26.0603
26.0597
26.0625
26.0597
26.0621
26.0621
26.0611
26.0603
26.0603
26.0603
26.0597
26.0597
26.0597
26.0597
26.0597
26.0595
26.0595
26.0586
26.0585
26.0577
26.0568
26.0562
26.0562
26.0561
26.0557
26.0597
26.0595
26.0595
26.0586
26.0585
26.0577
26.0568
26.0562
26.0562
26.0561
26.0557
26.0597
26.0595
26.0595
26.0586
26.0585
26.0577
26.0568
26.0562
26.0562
26.0561
26.0557
26.0554
26.0552
26.0545
26.0597
26.0554
26.0554
26.0597
26.0552
26.0552
26.0595
26.0545
26.0545
26.0595
26.0586
26.0585
26.0577
26.0568
26.0562
26.0562
26.0561
26.0557
26.0554
26.0552
26.0545
26.0544
26.0544
26.0534
26.0544
26.0534
26.0544
26.0534
26.0534
26.0534
26.0536
26.0536
26.0516
26.0516
26.0534
26.0536
26.0536
26.0516
26.0516
26.0534
26.0536
26.0536
26.0516
26.0516
26.0534
26.0536
26.0536
26.0516
26.0516
26.0512
26.0512
26.0507
26.0503
26.0507
26.0503
26.0512
26.0507
26.0495
26.0503
26.0495
26.0512
26.0507
26.0503
26.0495
26.0491
26.0491
26.0472
26.0485
26.0485
26.0491
26.0472
26.0485
26.0485
26.0495
26.0491
26.0472
26.0485
26.0485
26.0472
26.0485
26.0485
26.0485
26.0479
26.046
26.0461
26.0461
26.0459
26.0485
26.0479
26.046
26.0461
26.0461
26.0485
26.0479
26.046
26.0461
26.0461
26.0485
26.0479
26.046
26.0461
26.0461
26.0459
26.0458
26.045
26.0444
26.0444
26.0458
26.045
26.0444
26.0444
26.0433
26.0426
26.0426
26.0425
26.0421
26.0459
26.0458
26.045
26.0444
26.0444
26.0433
26.0426
26.0426
26.0425
26.0421
26.0459
26.0458
26.045
26.0444
26.0444
26.0433
26.0426
26.0426
26.0425
26.0421
26.0433
26.0426
26.0426
26.0425
26.0421
26.0422
26.0422
26.0419
26.0422
26.0422
26.0415
26.0402
26.0419
26.0404
26.0415
26.0419
26.0399
26.0394
26.0415
26.0402
26.0402
26.0404
26.0399
26.0395
26.0394
26.0382
26.0382
26.0379
26.0368
26.0368
26.0355
26.0356
26.0404
26.0399
26.0394
26.0395
26.0382
26.0382
26.0379
26.0368
26.0395
26.0382
26.0382
26.0379
26.0368
26.0368
26.0355
26.0356
26.0368
26.0419
26.0355
26.0415
26.0356
26.0402
26.0404
26.0399
26.0394
26.0395
26.0382
26.0382
26.0379
26.0368
26.0368
26.0355
26.0356
26.0356
26.0356
26.0356
26.0359
26.0343
26.0336
26.0339
26.0323
26.0323
26.0314
26.0291
26.0291
26.0291
26.0359
26.0343
26.0336
26.0339
26.0323
26.0323
26.0314
26.0291
26.0291
26.0291
26.0359
26.0343
26.0336
26.0339
26.0323
26.0323
26.0314
26.0291
26.0291
26.0291
26.0291
26.0291
26.0292
26.0356
26.0291
26.0291
26.0291
26.0287
26.0359
26.0291
26.0292
26.0343
26.0292
26.0287
26.0287
26.0336
26.0339
26.0323
26.0323
26.0314
26.0291
26.0291
26.0291
26.0291
26.0291
26.0292
26.0287
26.0287
26.0287
26.0287
26.0283
26.0274
26.0273
26.0268
26.0268
26.0254
26.0252
26.0247
26.0239
26.0232
26.0227
26.0283
26.0274
26.0273
26.0268
26.0268
26.0254
26.0252
26.0247
26.0239
26.0232
26.0227
26.0283
26.0274
26.0273
26.0268
26.0268
26.0254
26.0252
26.0247
26.0239
26.0232
26.0227
26.0226
26.021
26.021
26.0287
26.0226
26.0226
26.0283
26.021
26.021
26.0274
26.021
26.021
26.0273
26.0268
26.0268
26.0254
26.0252
26.0247
26.0239
26.0232
26.0227
26.0226
26.021
26.021
26.0217
26.0217
26.0201
26.0196
26.0199
26.0197
26.0194
26.0193
26.0187
26.0195
26.0187
26.0217
26.0217
26.0201
26.0196
26.0199
26.0197
26.0194
26.0193
26.0217
26.0217
26.0201
26.0196
26.0199
26.0197
26.0194
26.0193
26.0217
26.0187
26.0187
26.0217
26.0201
26.0196
26.0199
26.0197
26.0177
26.0174
26.017
26.017
26.0195
26.0187
26.0177
26.0174
26.017
26.0195
26.0187
26.0177
26.0174
26.017
26.0194
26.0193
26.017
26.017
26.0187
26.0195
26.0187
26.0177
26.0174
26.017
26.017
26.0165
26.0163
26.0152
26.0149
26.0149
26.0144
26.0149
26.0144
26.0137
26.0137
26.0137
26.0131
26.0125
26.0125
26.0125
26.0165
26.0163
26.0152
26.0149
26.0149
26.0144
26.0149
26.0144
26.0137
26.0137
26.0137
26.0131
26.0125
26.0125
26.0125
26.0165
26.0165
26.0163
26.0163
26.0152
26.0152
26.0149
26.0149
26.0149
26.0149
26.0144
26.0144
26.0149
26.0149
26.0144
26.0144
26.0137
26.0137
26.0137
26.0137
26.0137
26.0137
26.0131
26.0131
26.0125
26.0125
26.0125
26.0125
26.0125
26.0125
26.0122
26.0122
26.0114
26.0122
26.0114
26.0122
26.0114
26.0114
26.0112
26.0107
26.0112
26.0107
26.0112
26.0107
26.0104
26.0112
26.0107
26.0096
26.0104
26.0093
26.0104
26.0096
26.0093
26.0091
26.0085
26.0078
26.0078
26.0075
26.0054
26.0091
26.0085
26.0078
26.0078
26.0075
26.0054
26.0057
26.005
26.0096
26.0093
26.0091
26.0085
26.0078
26.0078
26.0075
26.0054
26.0057
26.005
26.0104
26.0057
26.0096
26.005
26.0093
26.0091
26.0085
26.0078
26.0078
26.0075
26.0054
26.0057
26.005
26.005
26.0045
26.0034
26.0034
26.0026
26.0028
26.0017
26.0006
26.0006
26.0006
25.9992
26.005
26.0045
26.0034
26.0034
26.0026
26.0028
26.0017
26.0006
26.0006
26.0006
25.9992
25.9992
25.9989
25.9989
25.9984
26.005
26.0045
26.0034
26.0034
26.0026
26.0028
26.0017
26.0006
26.0006
26.0006
25.9992
26.005
25.9992
25.9992
26.0045
25.9989
25.9989
26.0034
25.9989
25.9989
26.0034
25.9984
25.9984
26.0026
26.0028
26.0017
26.0006
26.0006
26.0006
25.9992
25.9992
25.9989
25.9989
25.9984
25.9984
25.9984
25.9984
25.9983
25.9968
25.9968
25.9968
25.9968
25.9961
25.9957
25.9957
25.9954
25.993
25.993
25.9983
25.9968
25.9968
25.9968
25.9968
25.9961
25.9957
25.9957
25.9954
25.993
25.993
25.9983
25.9968
25.9968
25.9968
25.9968
25.9961
25.9957
25.9957
25.9954
25.993
25.993
25.9934
25.9937
25.9937
25.9984
25.9934
25.9934
25.9983
25.9937
25.9937
25.9968
25.9937
25.9937
25.9968
25.9968
25.9968
25.9961
25.9957
25.9957
25.9954
25.993
25.993
25.9934
25.9937
25.9937
25.9929
25.9929
25.9929
25.9929
25.9929
25.9929
25.9929
25.9929
25.9922
25.9922
25.991
25.9922
25.9922
25.9922
25.9922
25.991
25.9922
25.9922
25.9922
25.9922
25.991
25.9922
25.9922
25.9908
25.9922
25.9922
25.991
25.9922
25.9922
25.9908
25.9908
25.9902
25.9902
25.9908
25.9902
25.9894
25.9894
25.9894
25.9902
25.9894
25.9894
25.9894
25.9894
25.9894
25.9894
25.9894
25.9894
25.9891
25.9894
25.9894
25.9894
25.9894
25.9891
25.9894
25.9883
25.9883
25.9891
25.9891
25.9883
25.9883
25.9876
25.9876
25.9876
25.9876
